date/time: ,04/07/2024,07:42 p.m.
Run 1

time	(KPA)
0,000000	1,016967E+2
0,005000	1,017030E+2
0,010000	1,017208E+2
0,015000	1,016967E+2
0,020000	1,017247E+2
0,025000	1,017158E+2
0,030000	1,017170E+2
0,035000	1,017170E+2
0,040000	1,017068E+2
0,045000	1,017158E+2
0,050000	1,017272E+2
0,055000	1,017094E+2
0,060000	1,017221E+2
0,065000	1,017107E+2
0,070000	1,017196E+2
0,075000	1,017081E+2
0,080000	1,017068E+2
0,085000	1,016941E+2
0,090000	1,017221E+2
0,095000	1,017259E+2
0,100000	1,017145E+2
0,105000	1,017132E+2
0,110000	1,017119E+2
0,115000	1,017056E+2
0,120000	1,017132E+2
0,125000	1,017043E+2
0,130000	1,017221E+2
0,135000	1,017081E+2
0,140000	1,016979E+2
0,145000	1,017208E+2
0,150000	1,017298E+2
0,155000	1,017196E+2
0,160000	1,017056E+2
0,165000	1,017145E+2
0,170000	1,017081E+2
0,175000	1,017590E+2
0,180000	1,016852E+2
0,185000	1,016967E+2
0,190000	1,017158E+2
0,195000	1,017208E+2
0,200000	1,017170E+2
0,205000	1,017247E+2
0,210000	1,017425E+2
0,215000	1,017132E+2
0,220000	1,017068E+2
0,225000	1,017068E+2
0,230000	1,017170E+2
0,235000	1,017158E+2
0,240000	1,016928E+2
0,245000	1,017158E+2
0,250000	1,017234E+2
0,255000	1,017094E+2
0,260000	1,017132E+2
0,265000	1,017323E+2
0,270000	1,017068E+2
0,275000	1,017196E+2
0,280000	1,016992E+2
0,285000	1,017068E+2
0,290000	1,017476E+2
0,295000	1,017119E+2
0,300000	1,017056E+2
0,305000	1,017247E+2
0,310000	1,017170E+2
0,315000	1,017107E+2
0,320000	1,017387E+2
0,325000	1,016903E+2
0,330000	1,017374E+2
0,335000	1,017247E+2
0,340000	1,017094E+2
0,345000	1,017196E+2
0,350000	1,017208E+2
0,355000	1,017132E+2
0,360000	1,017005E+2
0,365000	1,017068E+2
0,370000	1,017208E+2
0,375000	1,017221E+2
0,380000	1,017017E+2
0,385000	1,017081E+2
0,390000	1,017247E+2
0,395000	1,017145E+2
0,400000	1,017043E+2
0,405000	1,017183E+2
0,410000	1,017259E+2
0,415000	1,017399E+2
0,420000	1,017158E+2
0,425000	1,017145E+2
0,430000	1,017247E+2
0,435000	1,017196E+2
0,440000	1,017043E+2
0,445000	1,017158E+2
0,450000	1,017349E+2
0,455000	1,017119E+2
0,460000	1,017030E+2
0,465000	1,017272E+2
0,470000	1,017259E+2
0,475000	1,017170E+2
0,480000	1,017132E+2
0,485000	1,017183E+2
0,490000	1,017259E+2
0,495000	1,017221E+2
0,500000	1,017158E+2
0,505000	1,017145E+2
0,510000	1,017208E+2
0,515000	1,017183E+2
0,520000	1,017107E+2
0,525000	1,017183E+2
0,530000	1,017272E+2
0,535000	1,017221E+2
0,540000	1,017196E+2
0,545000	1,017208E+2
0,550000	1,017323E+2
0,555000	1,017349E+2
0,560000	1,016661E+2
0,565000	1,017489E+2
0,570000	1,017489E+2
0,575000	1,016954E+2
0,580000	1,017272E+2
0,585000	1,017361E+2
0,590000	1,017183E+2
0,595000	1,017005E+2
0,600000	1,017056E+2
0,605000	1,017374E+2
0,610000	1,017527E+2
0,615000	1,017196E+2
0,620000	1,016979E+2
0,625000	1,017043E+2
0,630000	1,017119E+2
0,635000	1,017196E+2
0,640000	1,017170E+2
0,645000	1,017234E+2
0,650000	1,017387E+2
0,655000	1,017119E+2
0,660000	1,017272E+2
0,665000	1,017285E+2
0,670000	1,017272E+2
0,675000	1,017017E+2
0,680000	1,017081E+2
0,685000	1,017208E+2
0,690000	1,017208E+2
0,695000	1,017170E+2
0,700000	1,017107E+2
0,705000	1,017132E+2
0,710000	1,017183E+2
0,715000	1,017336E+2
0,720000	1,017234E+2
0,725000	1,017158E+2
0,730000	1,017298E+2
0,735000	1,017107E+2
0,740000	1,017094E+2
0,745000	1,017158E+2
0,750000	1,017361E+2
0,755000	1,017158E+2
0,760000	1,016979E+2
0,765000	1,017145E+2
0,770000	1,017247E+2
0,775000	1,017221E+2
0,780000	1,017208E+2
0,785000	1,017285E+2
0,790000	1,017170E+2
0,795000	1,017119E+2
0,800000	1,017119E+2
0,805000	1,017310E+2
0,810000	1,017247E+2
0,815000	1,017017E+2
0,820000	1,016992E+2
0,825000	1,017234E+2
0,830000	1,017285E+2
0,835000	1,017170E+2
0,840000	1,017017E+2
0,845000	1,017259E+2
0,850000	1,017170E+2
0,855000	1,017132E+2
0,860000	1,017081E+2
0,865000	1,017196E+2
0,870000	1,017323E+2
0,875000	1,017310E+2
0,880000	1,017158E+2
0,885000	1,017259E+2
0,890000	1,017247E+2
0,895000	1,017107E+2
0,900000	1,017081E+2
0,905000	1,017068E+2
0,910000	1,017412E+2
0,915000	1,016954E+2
0,920000	1,017056E+2
0,925000	1,017119E+2
0,930000	1,017183E+2
0,935000	1,017221E+2
0,940000	1,017158E+2
0,945000	1,017056E+2
0,950000	1,017183E+2
0,955000	1,017056E+2
0,960000	1,017119E+2
0,965000	1,017183E+2
0,970000	1,017234E+2
0,975000	1,017158E+2
0,980000	1,017056E+2
0,985000	1,017272E+2
0,990000	1,017374E+2
0,995000	1,017196E+2
1,000000	1,017158E+2
1,005000	1,017221E+2
1,010000	1,017298E+2
1,015000	1,017158E+2
1,020000	1,017068E+2
1,025000	1,017132E+2
1,030000	1,017272E+2
1,035000	1,017145E+2
1,040000	1,017081E+2
1,045000	1,017056E+2
1,050000	1,017183E+2
1,055000	1,017298E+2
1,060000	1,017119E+2
1,065000	1,017094E+2
1,070000	1,017310E+2
1,075000	1,017221E+2
1,080000	1,017170E+2
1,085000	1,017183E+2
1,090000	1,017387E+2
1,095000	1,017056E+2
1,100000	1,017081E+2
1,105000	1,017208E+2
1,110000	1,017208E+2
1,115000	1,017323E+2
1,120000	1,017208E+2
1,125000	1,017145E+2
1,130000	1,017158E+2
1,135000	1,017068E+2
1,140000	1,017196E+2
1,145000	1,017056E+2
1,150000	1,017285E+2
1,155000	1,017259E+2
1,160000	1,017043E+2
1,165000	1,017234E+2
1,170000	1,017208E+2
1,175000	1,017145E+2
1,180000	1,017221E+2
1,185000	1,017234E+2
1,190000	1,017234E+2
1,195000	1,017132E+2
1,200000	1,016967E+2
1,205000	1,017158E+2
1,210000	1,017272E+2
1,215000	1,017234E+2
1,220000	1,017208E+2
1,225000	1,017387E+2
1,230000	1,017259E+2
1,235000	1,017158E+2
1,240000	1,017132E+2
1,245000	1,017323E+2
1,250000	1,017208E+2
1,255000	1,017196E+2
1,260000	1,017043E+2
1,265000	1,017221E+2
1,270000	1,017247E+2
1,275000	1,017145E+2
1,280000	1,017132E+2
1,285000	1,017349E+2
1,290000	1,017361E+2
1,295000	1,017208E+2
1,300000	1,017043E+2
1,305000	1,017234E+2
1,310000	1,017298E+2
1,315000	1,017170E+2
1,320000	1,017272E+2
1,325000	1,017323E+2
1,330000	1,017170E+2
1,335000	1,017349E+2
1,340000	1,017208E+2
1,345000	1,017259E+2
1,350000	1,017221E+2
1,355000	1,017158E+2
1,360000	1,017145E+2
1,365000	1,017310E+2
1,370000	1,017349E+2
1,375000	1,017412E+2
1,380000	1,017272E+2
1,385000	1,017221E+2
1,390000	1,017361E+2
1,395000	1,017234E+2
1,400000	1,017132E+2
1,405000	1,017208E+2
1,410000	1,017476E+2
1,415000	1,017247E+2
1,420000	1,017005E+2
1,425000	1,017310E+2
1,430000	1,017374E+2
1,435000	1,017170E+2
1,440000	1,017450E+2
1,445000	1,017374E+2
1,450000	1,017361E+2
1,455000	1,017145E+2
1,460000	1,017107E+2
1,465000	1,017221E+2
1,470000	1,017349E+2
1,475000	1,017323E+2
1,480000	1,017208E+2
1,485000	1,017399E+2
1,490000	1,017349E+2
1,495000	1,017285E+2
1,500000	1,017221E+2
1,505000	1,017247E+2
1,510000	1,017361E+2
1,515000	1,017349E+2
1,520000	1,017208E+2
1,525000	1,017489E+2
1,530000	1,017565E+2
1,535000	1,017374E+2
1,540000	1,017285E+2
1,545000	1,017438E+2
1,550000	1,017654E+2
1,555000	1,017514E+2
1,560000	1,017298E+2
1,565000	1,017463E+2
1,570000	1,017514E+2
1,575000	1,017412E+2
1,580000	1,017680E+2
1,585000	1,017667E+2
1,590000	1,017552E+2
1,595000	1,017425E+2
1,600000	1,017310E+2
1,605000	1,017514E+2
1,610000	1,017832E+2
1,615000	1,017387E+2
1,620000	1,017552E+2
1,625000	1,017731E+2
1,630000	1,017769E+2
1,635000	1,017705E+2
1,640000	1,017718E+2
1,645000	1,017909E+2
1,650000	1,017883E+2
1,655000	1,017718E+2
1,660000	1,017871E+2
1,665000	1,018011E+2
1,670000	1,018163E+2
1,675000	1,018176E+2
1,680000	1,018240E+2
1,685000	1,018431E+2
1,690000	1,018507E+2
1,695000	1,018482E+2
1,700000	1,018584E+2
1,705000	1,018749E+2
1,710000	1,018851E+2
1,715000	1,018915E+2
1,720000	1,019118E+2
1,725000	1,019246E+2
1,730000	1,019348E+2
1,735000	1,019309E+2
1,740000	1,019462E+2
1,745000	1,019602E+2
1,750000	1,019844E+2
1,755000	1,019806E+2
1,760000	1,019959E+2
1,765000	1,020379E+2
1,770000	1,020379E+2
1,775000	1,020379E+2
1,780000	1,020583E+2
1,785000	1,020825E+2
1,790000	1,020965E+2
1,795000	1,020977E+2
1,800000	1,021143E+2
1,805000	1,021589E+2
1,810000	1,021678E+2
1,815000	1,021703E+2
1,820000	1,022123E+2
1,825000	1,022238E+2
1,830000	1,022493E+2
1,835000	1,022658E+2
1,840000	1,022862E+2
1,845000	1,023116E+2
1,850000	1,023142E+2
1,855000	1,023626E+2
1,860000	1,023970E+2
1,865000	1,023957E+2
1,870000	1,024313E+2
1,875000	1,024530E+2
1,880000	1,024568E+2
1,885000	1,025014E+2
1,890000	1,025128E+2
1,895000	1,025345E+2
1,900000	1,025587E+2
1,905000	1,025905E+2
1,910000	1,026249E+2
1,915000	1,026236E+2
1,920000	1,026580E+2
1,925000	1,026911E+2
1,930000	1,027089E+2
1,935000	1,027280E+2
1,940000	1,027535E+2
1,945000	1,027777E+2
1,950000	1,028235E+2
1,955000	1,028388E+2
1,960000	1,028451E+2
1,965000	1,029050E+2
1,970000	1,029215E+2
1,975000	1,029432E+2
1,980000	1,029585E+2
1,985000	1,030005E+2
1,990000	1,030374E+2
1,995000	1,030438E+2
2,000000	1,030514E+2
2,005000	1,031036E+2
2,010000	1,031316E+2
2,015000	1,031596E+2
2,020000	1,031813E+2
2,025000	1,032220E+2
2,030000	1,032615E+2
2,035000	1,032615E+2
2,040000	1,032933E+2
2,045000	1,033341E+2
2,050000	1,033621E+2
2,055000	1,033825E+2
2,060000	1,033939E+2
2,065000	1,034512E+2
2,070000	1,034767E+2
2,075000	1,034932E+2
2,080000	1,035136E+2
2,085000	1,035505E+2
2,090000	1,035633E+2
2,095000	1,035938E+2
2,100000	1,036116E+2
2,105000	1,036498E+2
2,110000	1,036689E+2
2,115000	1,036995E+2
2,120000	1,037161E+2
2,125000	1,037581E+2
2,130000	1,037848E+2
2,135000	1,038052E+2
2,140000	1,038306E+2
2,145000	1,038612E+2
2,150000	1,039020E+2
2,155000	1,039160E+2
2,160000	1,039414E+2
2,165000	1,039783E+2
2,170000	1,039974E+2
2,175000	1,040000E+2
2,180000	1,040433E+2
2,185000	1,040802E+2
2,190000	1,040815E+2
2,195000	1,040942E+2
2,200000	1,041362E+2
2,205000	1,041655E+2
2,210000	1,041859E+2
2,215000	1,041973E+2
2,220000	1,042241E+2
2,225000	1,042597E+2
2,230000	1,042839E+2
2,235000	1,042954E+2
2,240000	1,043158E+2
2,245000	1,043450E+2
2,250000	1,043845E+2
2,255000	1,043998E+2
2,260000	1,044253E+2
2,265000	1,044418E+2
2,270000	1,044838E+2
2,275000	1,044851E+2
2,280000	1,045169E+2
2,285000	1,045602E+2
2,290000	1,045819E+2
2,295000	1,045781E+2
2,300000	1,046099E+2
2,305000	1,046557E+2
2,310000	1,046634E+2
2,315000	1,046748E+2
2,320000	1,047168E+2
2,325000	1,047296E+2
2,330000	1,047589E+2
2,335000	1,047831E+2
2,340000	1,048072E+2
2,345000	1,048594E+2
2,350000	1,048671E+2
2,355000	1,048862E+2
2,360000	1,049129E+2
2,365000	1,049600E+2
2,370000	1,049893E+2
2,375000	1,050173E+2
2,380000	1,050313E+2
2,385000	1,050835E+2
2,390000	1,050975E+2
2,395000	1,051256E+2
2,400000	1,051459E+2
2,405000	1,052020E+2
2,410000	1,052121E+2
2,415000	1,052351E+2
2,420000	1,052669E+2
2,425000	1,053089E+2
2,430000	1,053318E+2
2,435000	1,053560E+2
2,440000	1,053955E+2
2,445000	1,054375E+2
2,450000	1,054642E+2
2,455000	1,054859E+2
2,460000	1,055114E+2
2,465000	1,055432E+2
2,470000	1,055827E+2
2,475000	1,056069E+2
2,480000	1,056336E+2
2,485000	1,056845E+2
2,490000	1,056960E+2
2,495000	1,057495E+2
2,500000	1,057609E+2
2,505000	1,058029E+2
2,510000	1,058641E+2
2,515000	1,058768E+2
2,520000	1,058870E+2
2,525000	1,059621E+2
2,530000	1,059850E+2
2,535000	1,059939E+2
2,540000	1,060640E+2
2,545000	1,060716E+2
2,550000	1,061034E+2
2,555000	1,061302E+2
2,560000	1,061645E+2
2,565000	1,062015E+2
2,570000	1,062257E+2
2,575000	1,062320E+2
2,580000	1,062804E+2
2,585000	1,063262E+2
2,590000	1,063441E+2
2,595000	1,063759E+2
2,600000	1,063925E+2
2,605000	1,064256E+2
2,610000	1,064536E+2
2,615000	1,064727E+2
2,620000	1,065083E+2
2,625000	1,065465E+2
2,630000	1,065605E+2
2,635000	1,065771E+2
2,640000	1,066216E+2
2,645000	1,066611E+2
2,650000	1,066675E+2
2,655000	1,066917E+2
2,660000	1,067146E+2
2,665000	1,067566E+2
2,670000	1,067935E+2
2,675000	1,068101E+2
2,680000	1,068394E+2
2,685000	1,068725E+2
2,690000	1,068929E+2
2,695000	1,069056E+2
2,700000	1,069501E+2
2,705000	1,069833E+2
2,710000	1,070125E+2
2,715000	1,070253E+2
2,720000	1,070635E+2
2,725000	1,070877E+2
2,730000	1,071080E+2
2,735000	1,071233E+2
2,740000	1,071462E+2
2,745000	1,072048E+2
2,750000	1,072252E+2
2,755000	1,072519E+2
2,760000	1,072659E+2
2,765000	1,073028E+2
2,770000	1,073194E+2
2,775000	1,073512E+2
2,780000	1,073805E+2
2,785000	1,074404E+2
2,790000	1,074505E+2
2,795000	1,074505E+2
2,800000	1,074811E+2
2,805000	1,075244E+2
2,810000	1,075409E+2
2,815000	1,075473E+2
2,820000	1,076072E+2
2,825000	1,076377E+2
2,830000	1,076708E+2
2,835000	1,076772E+2
2,840000	1,076963E+2
2,845000	1,077408E+2
2,850000	1,077549E+2
2,855000	1,077816E+2
2,860000	1,077892E+2
2,865000	1,078567E+2
2,870000	1,078822E+2
2,875000	1,079013E+2
2,880000	1,079344E+2
2,885000	1,079675E+2
2,890000	1,080159E+2
2,895000	1,080210E+2
2,900000	1,080528E+2
2,905000	1,081139E+2
2,910000	1,081508E+2
2,915000	1,081496E+2
2,920000	1,081865E+2
2,925000	1,082298E+2
2,930000	1,082705E+2
2,935000	1,083138E+2
2,940000	1,083520E+2
2,945000	1,083902E+2
2,950000	1,084361E+2
2,955000	1,084437E+2
2,960000	1,085035E+2
2,965000	1,085685E+2
2,970000	1,086181E+2
2,975000	1,086410E+2
2,980000	1,086933E+2
2,985000	1,087276E+2
2,990000	1,087824E+2
2,995000	1,087926E+2
3,000000	1,088473E+2
3,005000	1,089135E+2
3,010000	1,089555E+2
3,015000	1,089759E+2
3,020000	1,089861E+2
3,025000	1,090205E+2
3,030000	1,090370E+2
3,035000	1,090268E+2
3,040000	1,090077E+2
3,045000	1,090396E+2
3,050000	1,090396E+2
3,055000	1,090103E+2
3,060000	1,090141E+2
3,065000	1,090447E+2
3,070000	1,090167E+2
3,075000	1,089950E+2
3,080000	1,089912E+2
3,085000	1,090256E+2
3,090000	1,090154E+2
3,095000	1,089785E+2
3,100000	1,089899E+2
3,105000	1,090090E+2
3,110000	1,090052E+2
3,115000	1,089810E+2
3,120000	1,089708E+2
3,125000	1,089721E+2
3,130000	1,089657E+2
3,135000	1,089695E+2
3,140000	1,089823E+2
3,145000	1,089746E+2
3,150000	1,089581E+2
3,155000	1,089543E+2
3,160000	1,089657E+2
3,165000	1,089632E+2
3,170000	1,089339E+2
3,175000	1,089339E+2
3,180000	1,089645E+2
3,185000	1,089428E+2
3,190000	1,089466E+2
3,195000	1,089441E+2
3,200000	1,089594E+2
3,205000	1,089454E+2
3,210000	1,089326E+2
3,215000	1,089212E+2
3,220000	1,089275E+2
3,225000	1,089390E+2
3,230000	1,089352E+2
3,235000	1,089110E+2
3,240000	1,089186E+2
3,245000	1,089173E+2
3,250000	1,089110E+2
3,255000	1,089097E+2
3,260000	1,089110E+2
3,265000	1,089186E+2
3,270000	1,089059E+2
3,275000	1,088881E+2
3,280000	1,089097E+2
3,285000	1,088779E+2
3,290000	1,088855E+2
3,295000	1,088919E+2
3,300000	1,088893E+2
3,305000	1,088881E+2
3,310000	1,088932E+2
3,315000	1,088626E+2
3,320000	1,088715E+2
3,325000	1,088715E+2
3,330000	1,088715E+2
3,335000	1,088422E+2
3,340000	1,088524E+2
3,345000	1,088702E+2
3,350000	1,088511E+2
3,355000	1,088269E+2
3,360000	1,088359E+2
3,365000	1,088511E+2
3,370000	1,088346E+2
3,375000	1,088295E+2
3,380000	1,088575E+2
3,385000	1,088104E+2
3,390000	1,088231E+2
3,395000	1,088448E+2
3,400000	1,088193E+2
3,405000	1,088244E+2
3,410000	1,088091E+2
3,415000	1,088066E+2
3,420000	1,088206E+2
3,425000	1,088206E+2
3,430000	1,088040E+2
3,435000	1,087862E+2
3,440000	1,087798E+2
3,445000	1,088066E+2
3,450000	1,087900E+2
3,455000	1,087760E+2
3,460000	1,087760E+2
3,465000	1,087531E+2
3,470000	1,087595E+2
3,475000	1,087671E+2
3,480000	1,087722E+2
3,485000	1,087633E+2
3,490000	1,087467E+2
3,495000	1,087404E+2
3,500000	1,087531E+2
3,505000	1,087556E+2
3,510000	1,087531E+2
3,515000	1,087455E+2
3,520000	1,087404E+2
3,525000	1,087518E+2
3,530000	1,087442E+2
3,535000	1,087111E+2
3,540000	1,087264E+2
3,545000	1,087442E+2
3,550000	1,087238E+2
3,555000	1,087098E+2
3,560000	1,087213E+2
3,565000	1,087264E+2
3,570000	1,087098E+2
3,575000	1,087060E+2
3,580000	1,087060E+2
3,585000	1,087085E+2
3,590000	1,087200E+2
3,595000	1,086971E+2
3,600000	1,086958E+2
3,605000	1,087085E+2
3,610000	1,086894E+2
3,615000	1,086805E+2
3,620000	1,086767E+2
3,625000	1,086907E+2
3,630000	1,086856E+2
3,635000	1,086729E+2
3,640000	1,086729E+2
3,645000	1,086843E+2
3,650000	1,086525E+2
3,655000	1,086551E+2
3,660000	1,086551E+2
3,665000	1,086742E+2
3,670000	1,086640E+2
3,675000	1,086436E+2
3,680000	1,086640E+2
3,685000	1,086551E+2
3,690000	1,086385E+2
3,695000	1,086385E+2
3,700000	1,086423E+2
3,705000	1,086627E+2
3,710000	1,086296E+2
3,715000	1,086423E+2
3,720000	1,086525E+2
3,725000	1,086474E+2
3,730000	1,086270E+2
3,735000	1,086245E+2
3,740000	1,086321E+2
3,745000	1,086245E+2
3,750000	1,086181E+2
3,755000	1,086054E+2
3,760000	1,086207E+2
3,765000	1,086372E+2
3,770000	1,086118E+2
3,775000	1,086054E+2
3,780000	1,086016E+2
3,785000	1,086270E+2
3,790000	1,085914E+2
3,795000	1,085761E+2
3,800000	1,085850E+2
3,805000	1,086067E+2
3,810000	1,085978E+2
3,815000	1,085812E+2
3,820000	1,085774E+2
3,825000	1,085888E+2
3,830000	1,085825E+2
3,835000	1,085672E+2
3,840000	1,085774E+2
3,845000	1,085901E+2
3,850000	1,085685E+2
3,855000	1,085596E+2
3,860000	1,085990E+2
3,865000	1,085761E+2
3,870000	1,085494E+2
3,875000	1,085481E+2
3,880000	1,085888E+2
3,885000	1,085596E+2
3,890000	1,085481E+2
3,895000	1,085494E+2
3,900000	1,085557E+2
3,905000	1,085608E+2
3,910000	1,085608E+2
3,915000	1,085557E+2
3,920000	1,085647E+2
3,925000	1,085494E+2
3,930000	1,085506E+2
3,935000	1,085290E+2
3,940000	1,085443E+2
3,945000	1,085545E+2
3,950000	1,085328E+2
3,955000	1,085265E+2
3,960000	1,085290E+2
3,965000	1,085341E+2
3,970000	1,085239E+2
3,975000	1,085150E+2
3,980000	1,085265E+2
3,985000	1,085405E+2
3,990000	1,085048E+2
3,995000	1,085074E+2
4,000000	1,085099E+2
4,005000	1,085137E+2
4,010000	1,085074E+2
4,015000	1,085086E+2
4,020000	1,085048E+2
4,025000	1,085214E+2
4,030000	1,085277E+2
4,035000	1,084883E+2
4,040000	1,085023E+2
4,045000	1,085023E+2
4,050000	1,085010E+2
4,055000	1,084997E+2
4,060000	1,085099E+2
4,065000	1,084997E+2
4,070000	1,084895E+2
4,075000	1,084628E+2
4,080000	1,084921E+2
4,085000	1,084946E+2
4,090000	1,084857E+2
4,095000	1,084755E+2
4,100000	1,084742E+2
4,105000	1,084908E+2
4,110000	1,084577E+2
4,115000	1,084552E+2
4,120000	1,084692E+2
4,125000	1,084857E+2
4,130000	1,084653E+2
4,135000	1,084641E+2
4,140000	1,084704E+2
4,145000	1,084653E+2
4,150000	1,084501E+2
4,155000	1,084539E+2
4,160000	1,084742E+2
4,165000	1,084768E+2
4,170000	1,084335E+2
4,175000	1,084322E+2
4,180000	1,084577E+2
4,185000	1,084628E+2
4,190000	1,084386E+2
4,195000	1,084322E+2
4,200000	1,084488E+2
4,205000	1,084335E+2
4,210000	1,084348E+2
4,215000	1,084462E+2
4,220000	1,084259E+2
4,225000	1,084259E+2
4,230000	1,084284E+2
4,235000	1,084424E+2
4,240000	1,084475E+2
4,245000	1,084233E+2
4,250000	1,084246E+2
4,255000	1,084259E+2
4,260000	1,084246E+2
4,265000	1,084322E+2
4,270000	1,084310E+2
4,275000	1,083991E+2
4,280000	1,084119E+2
4,285000	1,084310E+2
4,290000	1,084068E+2
4,295000	1,083953E+2
4,300000	1,084157E+2
4,305000	1,083902E+2
4,310000	1,084131E+2
4,315000	1,084055E+2
4,320000	1,084004E+2
4,325000	1,084055E+2
4,330000	1,083915E+2
4,335000	1,083915E+2
4,340000	1,084042E+2
4,345000	1,084119E+2
4,350000	1,084068E+2
4,355000	1,083851E+2
4,360000	1,083788E+2
4,365000	1,083953E+2
4,370000	1,083851E+2
4,375000	1,083928E+2
4,380000	1,084017E+2
4,385000	1,083889E+2
4,390000	1,083889E+2
4,395000	1,083762E+2
4,400000	1,083851E+2
4,405000	1,083851E+2
4,410000	1,083622E+2
4,415000	1,083673E+2
4,420000	1,083762E+2
4,425000	1,083775E+2
4,430000	1,083724E+2
4,435000	1,083724E+2
4,440000	1,083597E+2
4,445000	1,083838E+2
4,450000	1,083520E+2
4,455000	1,083749E+2
4,460000	1,083698E+2
4,465000	1,083711E+2
4,470000	1,083533E+2
4,475000	1,083431E+2
4,480000	1,083724E+2
4,485000	1,083686E+2
4,490000	1,083546E+2
4,495000	1,083495E+2
4,500000	1,083635E+2
4,505000	1,083584E+2
4,510000	1,083355E+2
4,515000	1,083431E+2
4,520000	1,083622E+2
4,525000	1,083520E+2
4,530000	1,083342E+2
4,535000	1,083316E+2
4,540000	1,083393E+2
4,545000	1,083597E+2
4,550000	1,083406E+2
4,555000	1,083253E+2
4,560000	1,083418E+2
4,565000	1,083456E+2
4,570000	1,083240E+2
4,575000	1,083215E+2
4,580000	1,083444E+2
4,585000	1,083253E+2
4,590000	1,083215E+2
4,595000	1,083189E+2
4,600000	1,083431E+2
4,605000	1,083380E+2
4,610000	1,083138E+2
4,615000	1,083011E+2
4,620000	1,083367E+2
4,625000	1,083329E+2
4,630000	1,083215E+2
4,635000	1,083164E+2
4,640000	1,083138E+2
4,645000	1,083125E+2
4,650000	1,083049E+2
4,655000	1,082985E+2
4,660000	1,083113E+2
4,665000	1,083189E+2
4,670000	1,083024E+2
4,675000	1,082947E+2
4,680000	1,083062E+2
4,685000	1,083036E+2
4,690000	1,083011E+2
4,695000	1,083024E+2
4,700000	1,083125E+2
4,705000	1,083075E+2
4,710000	1,082845E+2
4,715000	1,082833E+2
4,720000	1,083100E+2
4,725000	1,082985E+2
4,730000	1,082884E+2
4,735000	1,082782E+2
4,740000	1,082871E+2
4,745000	1,083164E+2
4,750000	1,083011E+2
4,755000	1,082782E+2
4,760000	1,082884E+2
4,765000	1,082756E+2
4,770000	1,082769E+2
4,775000	1,082973E+2
4,780000	1,082731E+2
4,785000	1,082769E+2
4,790000	1,082845E+2
4,795000	1,082591E+2
4,800000	1,082884E+2
4,805000	1,082807E+2
4,810000	1,082693E+2
4,815000	1,082922E+2
4,820000	1,082769E+2
4,825000	1,082654E+2
4,830000	1,082667E+2
4,835000	1,082680E+2
4,840000	1,082693E+2
4,845000	1,082680E+2
4,850000	1,082603E+2
4,855000	1,082565E+2
4,860000	1,082540E+2
4,865000	1,082743E+2
4,870000	1,082654E+2
4,875000	1,082400E+2
4,880000	1,082502E+2
4,885000	1,082769E+2
4,890000	1,082349E+2
4,895000	1,082400E+2
4,900000	1,082731E+2
4,905000	1,082476E+2
4,910000	1,082540E+2
4,915000	1,082400E+2
4,920000	1,082629E+2
4,925000	1,082387E+2
4,930000	1,082298E+2
4,935000	1,082527E+2
4,940000	1,082323E+2
4,945000	1,082540E+2
4,950000	1,082476E+2
4,955000	1,082489E+2
4,960000	1,082540E+2
4,965000	1,082234E+2
4,970000	1,082272E+2
4,975000	1,082476E+2
4,980000	1,082463E+2
4,985000	1,082361E+2
4,990000	1,082120E+2
4,995000	1,082145E+2
5,000000	1,082349E+2
5,005000	1,082374E+2
5,010000	1,082361E+2
5,015000	1,082400E+2
5,020000	1,082311E+2
5,025000	1,082183E+2
5,030000	1,082209E+2
5,035000	1,082311E+2
5,040000	1,082247E+2
5,045000	1,082170E+2
5,050000	1,082170E+2
5,055000	1,082158E+2
5,060000	1,082132E+2
5,065000	1,082030E+2
5,070000	1,082069E+2
5,075000	1,082158E+2
5,080000	1,082247E+2
5,085000	1,082209E+2
5,090000	1,081992E+2
5,095000	1,082030E+2
5,100000	1,082132E+2
5,105000	1,082107E+2
5,110000	1,082043E+2
5,115000	1,082132E+2
5,120000	1,082158E+2
5,125000	1,082069E+2
5,130000	1,081916E+2
5,135000	1,082056E+2
5,140000	1,082018E+2
5,145000	1,081903E+2
5,150000	1,081814E+2
5,155000	1,081865E+2
5,160000	1,081967E+2
5,165000	1,082056E+2
5,170000	1,081929E+2
5,175000	1,081763E+2
5,180000	1,081903E+2
5,185000	1,082094E+2
5,190000	1,081916E+2
5,195000	1,081827E+2
5,200000	1,081954E+2
5,205000	1,081878E+2
5,210000	1,081776E+2
5,215000	1,081992E+2
5,220000	1,081929E+2
5,225000	1,081776E+2
5,230000	1,081725E+2
5,235000	1,081852E+2
5,240000	1,081750E+2
5,245000	1,081827E+2
5,250000	1,081661E+2
5,255000	1,081801E+2
5,260000	1,081852E+2
5,265000	1,081598E+2
5,270000	1,081648E+2
5,275000	1,081738E+2
5,280000	1,081865E+2
5,285000	1,081801E+2
5,290000	1,081407E+2
5,295000	1,081636E+2
5,300000	1,081903E+2
5,305000	1,081763E+2
5,310000	1,081432E+2
5,315000	1,081483E+2
5,320000	1,081738E+2
5,325000	1,081763E+2
5,330000	1,081623E+2
5,335000	1,081483E+2
5,340000	1,081559E+2
5,345000	1,081508E+2
5,350000	1,081547E+2
5,355000	1,081508E+2
5,360000	1,081648E+2
5,365000	1,081585E+2
5,370000	1,081407E+2
5,375000	1,081648E+2
5,380000	1,081699E+2
5,385000	1,081559E+2
5,390000	1,081330E+2
5,395000	1,081521E+2
5,400000	1,081687E+2
5,405000	1,081585E+2
5,410000	1,081356E+2
5,415000	1,081445E+2
5,420000	1,081661E+2
5,425000	1,081610E+2
5,430000	1,081279E+2
5,435000	1,081407E+2
5,440000	1,081381E+2
5,445000	1,081445E+2
5,450000	1,081407E+2
5,455000	1,081445E+2
5,460000	1,081547E+2
5,465000	1,081381E+2
5,470000	1,081266E+2
5,475000	1,081203E+2
5,480000	1,081470E+2
5,485000	1,081432E+2
5,490000	1,081241E+2
5,495000	1,081228E+2
5,500000	1,081445E+2
5,505000	1,081432E+2
5,510000	1,081254E+2
5,515000	1,081254E+2
5,520000	1,081317E+2
5,525000	1,081394E+2
5,530000	1,081381E+2
5,535000	1,081165E+2
5,540000	1,081368E+2
5,545000	1,081330E+2
5,550000	1,081139E+2
5,555000	1,081228E+2
5,560000	1,081266E+2
5,565000	1,081343E+2
5,570000	1,081203E+2
5,575000	1,081050E+2
5,580000	1,081317E+2
5,585000	1,081330E+2
5,590000	1,081317E+2
5,595000	1,081292E+2
5,600000	1,081228E+2
5,605000	1,081088E+2
5,610000	1,081088E+2
5,615000	1,081279E+2
5,620000	1,081101E+2
5,625000	1,080999E+2
5,630000	1,081126E+2
5,635000	1,081203E+2
5,640000	1,081114E+2
5,645000	1,081063E+2
5,650000	1,081012E+2
5,655000	1,080859E+2
5,660000	1,081075E+2
5,665000	1,081088E+2
5,670000	1,080999E+2
5,675000	1,080986E+2
5,680000	1,081025E+2
5,685000	1,081025E+2
5,690000	1,081101E+2
5,695000	1,081025E+2
5,700000	1,081012E+2
5,705000	1,080961E+2
5,710000	1,080974E+2
5,715000	1,081037E+2
5,720000	1,081075E+2
5,725000	1,080834E+2
5,730000	1,080821E+2
5,735000	1,080910E+2
5,740000	1,081012E+2
5,745000	1,081025E+2
5,750000	1,080884E+2
5,755000	1,080859E+2
5,760000	1,080795E+2
5,765000	1,080923E+2
5,770000	1,080910E+2
5,775000	1,081012E+2
5,780000	1,081012E+2
5,785000	1,080834E+2
5,790000	1,080834E+2
5,795000	1,080948E+2
5,800000	1,080821E+2
5,805000	1,080604E+2
5,810000	1,080821E+2
5,815000	1,080834E+2
5,820000	1,080999E+2
5,825000	1,080808E+2
5,830000	1,080643E+2
5,835000	1,080770E+2
5,840000	1,080795E+2
5,845000	1,080795E+2
5,850000	1,080706E+2
5,855000	1,080821E+2
5,860000	1,080681E+2
5,865000	1,080783E+2
5,870000	1,080770E+2
5,875000	1,080719E+2
5,880000	1,080694E+2
5,885000	1,080770E+2
5,890000	1,080744E+2
5,895000	1,080783E+2
5,900000	1,080617E+2
5,905000	1,080668E+2
5,910000	1,080706E+2
5,915000	1,080795E+2
5,920000	1,080757E+2
5,925000	1,080732E+2
5,930000	1,080579E+2
5,935000	1,080592E+2
5,940000	1,080744E+2
5,945000	1,080770E+2
5,950000	1,080846E+2
5,955000	1,080681E+2
5,960000	1,080655E+2
5,965000	1,080643E+2
5,970000	1,080515E+2
5,975000	1,080744E+2
5,980000	1,080808E+2
5,985000	1,080655E+2
5,990000	1,080541E+2
5,995000	1,080579E+2
6,000000	1,080770E+2
6,005000	1,080503E+2
6,010000	1,080413E+2
6,015000	1,080630E+2
6,020000	1,080643E+2
6,025000	1,080375E+2
6,030000	1,080452E+2
6,035000	1,080604E+2
6,040000	1,080579E+2
6,045000	1,080604E+2
6,050000	1,080375E+2
6,055000	1,080388E+2
6,060000	1,080566E+2
6,065000	1,080273E+2
6,070000	1,080515E+2
6,075000	1,080566E+2
6,080000	1,080401E+2
6,085000	1,080324E+2
6,090000	1,080413E+2
6,095000	1,080248E+2
6,100000	1,080401E+2
6,105000	1,080439E+2
6,110000	1,080426E+2
6,115000	1,080464E+2
6,120000	1,080413E+2
6,125000	1,080388E+2
6,130000	1,080171E+2
6,135000	1,080312E+2
6,140000	1,080541E+2
6,145000	1,080439E+2
6,150000	1,080222E+2
6,155000	1,080210E+2
6,160000	1,080452E+2
6,165000	1,080452E+2
6,170000	1,080362E+2
6,175000	1,080197E+2
6,180000	1,080299E+2
6,185000	1,080375E+2
6,190000	1,080350E+2
6,195000	1,080248E+2
6,200000	1,080273E+2
6,205000	1,080171E+2
6,210000	1,080299E+2
6,215000	1,080426E+2
6,220000	1,080324E+2
6,225000	1,080273E+2
6,230000	1,080121E+2
6,235000	1,080248E+2
6,240000	1,080261E+2
6,245000	1,080273E+2
6,250000	1,080031E+2
6,255000	1,080273E+2
6,260000	1,080312E+2
6,265000	1,080299E+2
6,270000	1,080121E+2
6,275000	1,080184E+2
6,280000	1,080146E+2
6,285000	1,080070E+2
6,290000	1,080171E+2
6,295000	1,080146E+2
6,300000	1,080210E+2
6,305000	1,080121E+2
6,310000	1,080159E+2
6,315000	1,080171E+2
6,320000	1,080197E+2
6,325000	1,080171E+2
6,330000	1,080248E+2
6,335000	1,080133E+2
6,340000	1,080146E+2
6,345000	1,080031E+2
6,350000	1,079917E+2
6,355000	1,080031E+2
6,360000	1,080261E+2
6,365000	1,080082E+2
6,370000	1,079853E+2
6,375000	1,080286E+2
6,380000	1,080006E+2
6,385000	1,079968E+2
6,390000	1,080210E+2
6,395000	1,079917E+2
6,400000	1,080019E+2
6,405000	1,080146E+2
6,410000	1,080133E+2
6,415000	1,080044E+2
6,420000	1,079993E+2
6,425000	1,079891E+2
6,430000	1,079993E+2
6,435000	1,080006E+2
6,440000	1,079853E+2
6,445000	1,080057E+2
6,450000	1,079891E+2
6,455000	1,079917E+2
6,460000	1,079917E+2
6,465000	1,079840E+2
6,470000	1,079968E+2
6,475000	1,080044E+2
6,480000	1,080044E+2
6,485000	1,079955E+2
6,490000	1,079713E+2
6,495000	1,079866E+2
6,500000	1,079968E+2
6,505000	1,079980E+2
6,510000	1,079930E+2
6,515000	1,079828E+2
6,520000	1,079789E+2
6,525000	1,079789E+2
6,530000	1,079853E+2
6,535000	1,079879E+2
6,540000	1,079993E+2
6,545000	1,079828E+2
6,550000	1,079853E+2
6,555000	1,080031E+2
6,560000	1,079802E+2
6,565000	1,079713E+2
6,570000	1,079598E+2
6,575000	1,079917E+2
6,580000	1,080019E+2
6,585000	1,079726E+2
6,590000	1,079739E+2
6,595000	1,079802E+2
6,600000	1,079866E+2
6,605000	1,079751E+2
6,610000	1,079624E+2
6,615000	1,079713E+2
6,620000	1,079980E+2
6,625000	1,079789E+2
6,630000	1,079828E+2
6,635000	1,079688E+2
6,640000	1,079649E+2
6,645000	1,079586E+2
6,650000	1,079739E+2
6,655000	1,079700E+2
6,660000	1,079726E+2
6,665000	1,079675E+2
6,670000	1,079649E+2
6,675000	1,079675E+2
6,680000	1,079789E+2
6,685000	1,079662E+2
6,690000	1,079662E+2
6,695000	1,079802E+2
6,700000	1,079649E+2
6,705000	1,079675E+2
6,710000	1,079548E+2
6,715000	1,079611E+2
6,720000	1,079649E+2
6,725000	1,079357E+2
6,730000	1,079586E+2
6,735000	1,079700E+2
6,740000	1,079764E+2
6,745000	1,079598E+2
6,750000	1,079560E+2
6,755000	1,079624E+2
6,760000	1,079560E+2
6,765000	1,079446E+2
6,770000	1,079611E+2
6,775000	1,079598E+2
6,780000	1,079840E+2
6,785000	1,079611E+2
6,790000	1,079522E+2
6,795000	1,079573E+2
6,800000	1,079446E+2
6,805000	1,079522E+2
6,810000	1,079548E+2
6,815000	1,079611E+2
6,820000	1,079471E+2
6,825000	1,079471E+2
6,830000	1,079522E+2
6,835000	1,079433E+2
6,840000	1,079560E+2
6,845000	1,079408E+2
6,850000	1,079611E+2
6,855000	1,079637E+2
6,860000	1,079548E+2
6,865000	1,079458E+2
6,870000	1,079293E+2
6,875000	1,079446E+2
6,880000	1,079713E+2
6,885000	1,079497E+2
6,890000	1,079509E+2
6,895000	1,079433E+2
6,900000	1,079611E+2
6,905000	1,079408E+2
6,910000	1,079433E+2
6,915000	1,079484E+2
6,920000	1,079497E+2
6,925000	1,079446E+2
6,930000	1,079344E+2
6,935000	1,079484E+2
6,940000	1,079484E+2
6,945000	1,079306E+2
6,950000	1,079280E+2
6,955000	1,079395E+2
6,960000	1,079369E+2
6,965000	1,079458E+2
6,970000	1,079331E+2
6,975000	1,079395E+2
6,980000	1,079395E+2
6,985000	1,079369E+2
6,990000	1,079420E+2
6,995000	1,079446E+2
7,000000	1,079204E+2
7,005000	1,079395E+2
7,010000	1,079357E+2
7,015000	1,079357E+2
7,020000	1,079382E+2
7,025000	1,079382E+2
7,030000	1,079446E+2
7,035000	1,079458E+2
7,040000	1,079280E+2
7,045000	1,079280E+2
7,050000	1,079191E+2
7,055000	1,079229E+2
7,060000	1,079420E+2
7,065000	1,079255E+2
7,070000	1,079204E+2
7,075000	1,079318E+2
7,080000	1,079331E+2
7,085000	1,079293E+2
7,090000	1,079166E+2
7,095000	1,079280E+2
7,100000	1,079408E+2
7,105000	1,079204E+2
7,110000	1,079153E+2
7,115000	1,079344E+2
7,120000	1,079382E+2
7,125000	1,079229E+2
7,130000	1,079255E+2
7,135000	1,079064E+2
7,140000	1,079153E+2
7,145000	1,079102E+2
7,150000	1,079178E+2
7,155000	1,079318E+2
7,160000	1,079229E+2
7,165000	1,079000E+2
7,170000	1,079191E+2
7,175000	1,079318E+2
7,180000	1,079166E+2
7,185000	1,079026E+2
7,190000	1,079089E+2
7,195000	1,079318E+2
7,200000	1,079267E+2
7,205000	1,079178E+2
7,210000	1,079089E+2
7,215000	1,079127E+2
7,220000	1,079127E+2
7,225000	1,079217E+2
7,230000	1,079115E+2
7,235000	1,079140E+2
7,240000	1,079076E+2
7,245000	1,079115E+2
7,250000	1,078962E+2
7,255000	1,079102E+2
7,260000	1,079229E+2
7,265000	1,079076E+2
7,270000	1,079026E+2
7,275000	1,079064E+2
7,280000	1,079242E+2
7,285000	1,079229E+2
7,290000	1,078962E+2
7,295000	1,078924E+2
7,300000	1,079204E+2
7,305000	1,079051E+2
7,310000	1,079064E+2
7,315000	1,079115E+2
7,320000	1,079153E+2
7,325000	1,079000E+2
7,330000	1,078898E+2
7,335000	1,079038E+2
7,340000	1,079242E+2
7,345000	1,079064E+2
7,350000	1,079038E+2
7,355000	1,078962E+2
7,360000	1,079013E+2
7,365000	1,079000E+2
7,370000	1,078898E+2
7,375000	1,078975E+2
7,380000	1,079140E+2
7,385000	1,079026E+2
7,390000	1,078962E+2
7,395000	1,078911E+2
7,400000	1,079026E+2
7,405000	1,078987E+2
7,410000	1,079191E+2
7,415000	1,079064E+2
7,420000	1,078822E+2
7,425000	1,078975E+2
7,430000	1,078911E+2
7,435000	1,079153E+2
7,440000	1,079000E+2
7,445000	1,078796E+2
7,450000	1,078720E+2
7,455000	1,079013E+2
7,460000	1,078949E+2
7,465000	1,078911E+2
7,470000	1,078949E+2
7,475000	1,078949E+2
7,480000	1,078898E+2
7,485000	1,078924E+2
7,490000	1,078796E+2
7,495000	1,078924E+2
7,500000	1,078949E+2
7,505000	1,078809E+2
7,510000	1,078860E+2
7,515000	1,078847E+2
7,520000	1,078873E+2
7,525000	1,078784E+2
7,530000	1,078822E+2
7,535000	1,078898E+2
7,540000	1,078898E+2
7,545000	1,078860E+2
7,550000	1,078720E+2
7,555000	1,079000E+2
7,560000	1,078873E+2
7,565000	1,078771E+2
7,570000	1,078796E+2
7,575000	1,078936E+2
7,580000	1,078885E+2
7,585000	1,078669E+2
7,590000	1,078822E+2
7,595000	1,078924E+2
7,600000	1,078847E+2
7,605000	1,078796E+2
7,610000	1,078644E+2
7,615000	1,078758E+2
7,620000	1,078860E+2
7,625000	1,078440E+2
7,630000	1,078656E+2
7,635000	1,078847E+2
7,640000	1,078860E+2
7,645000	1,078784E+2
7,650000	1,078733E+2
7,655000	1,078898E+2
7,660000	1,078694E+2
7,665000	1,078567E+2
7,670000	1,078733E+2
7,675000	1,078669E+2
7,680000	1,078873E+2
7,685000	1,078745E+2
7,690000	1,078656E+2
7,695000	1,078745E+2
7,700000	1,078707E+2
7,705000	1,078656E+2
7,710000	1,078771E+2
7,715000	1,078822E+2
7,720000	1,078796E+2
7,725000	1,078733E+2
7,730000	1,078644E+2
7,735000	1,078644E+2
7,740000	1,078796E+2
7,745000	1,078822E+2
7,750000	1,078758E+2
7,755000	1,078656E+2
7,760000	1,078491E+2
7,765000	1,078682E+2
7,770000	1,078593E+2
7,775000	1,078771E+2
7,780000	1,078758E+2
7,785000	1,078796E+2
7,790000	1,078644E+2
7,795000	1,078733E+2
7,800000	1,078745E+2
7,805000	1,078478E+2
7,810000	1,078491E+2
7,815000	1,078554E+2
7,820000	1,078669E+2
7,825000	1,078453E+2
7,830000	1,078542E+2
7,835000	1,078758E+2
7,840000	1,078580E+2
7,845000	1,078656E+2
7,850000	1,078669E+2
7,855000	1,078733E+2
7,860000	1,078745E+2
7,865000	1,078567E+2
7,870000	1,078440E+2
7,875000	1,078733E+2
7,880000	1,078618E+2
7,885000	1,078554E+2
7,890000	1,078529E+2
7,895000	1,078554E+2
7,900000	1,078503E+2
7,905000	1,078491E+2
7,910000	1,078503E+2
7,915000	1,078694E+2
7,920000	1,078605E+2
7,925000	1,078554E+2
7,930000	1,078478E+2
7,935000	1,078631E+2
7,940000	1,078542E+2
7,945000	1,078440E+2
7,950000	1,078554E+2
7,955000	1,078516E+2
7,960000	1,078554E+2
7,965000	1,078796E+2
7,970000	1,078236E+2
7,975000	1,078529E+2
7,980000	1,078593E+2
7,985000	1,078554E+2
7,990000	1,078554E+2
7,995000	1,078593E+2
8,000000	1,078529E+2
8,005000	1,078542E+2
8,010000	1,078491E+2
8,015000	1,078542E+2
8,020000	1,078287E+2
8,025000	1,078402E+2
8,030000	1,078503E+2
8,035000	1,078707E+2
8,040000	1,078694E+2
8,045000	1,078389E+2
8,050000	1,078185E+2
8,055000	1,078503E+2
8,060000	1,078503E+2
8,065000	1,078491E+2
8,070000	1,078440E+2
8,075000	1,078554E+2
8,080000	1,078644E+2
8,085000	1,078503E+2
8,090000	1,078529E+2
8,095000	1,078516E+2
8,100000	1,078516E+2
8,105000	1,078274E+2
8,110000	1,078414E+2
8,115000	1,078567E+2
8,120000	1,078580E+2
8,125000	1,078427E+2
8,130000	1,078453E+2
8,135000	1,078516E+2
8,140000	1,078363E+2
8,145000	1,078351E+2
8,150000	1,078249E+2
8,155000	1,078453E+2
8,160000	1,078694E+2
8,165000	1,078172E+2
8,170000	1,078198E+2
8,175000	1,078274E+2
8,180000	1,078414E+2
8,185000	1,078580E+2
8,190000	1,078338E+2
8,195000	1,078529E+2
8,200000	1,078402E+2
8,205000	1,078172E+2
8,210000	1,078300E+2
8,215000	1,078351E+2
8,220000	1,078694E+2
8,225000	1,078147E+2
8,230000	1,078096E+2
8,235000	1,078542E+2
8,240000	1,078440E+2
8,245000	1,078414E+2
8,250000	1,078325E+2
8,255000	1,078440E+2
8,260000	1,078338E+2
8,265000	1,078631E+2
8,270000	1,078007E+2
8,275000	1,078567E+2
8,280000	1,078427E+2
8,285000	1,078223E+2
8,290000	1,078287E+2
8,295000	1,078376E+2
8,300000	1,078249E+2
8,305000	1,078211E+2
8,310000	1,078300E+2
8,315000	1,078554E+2
8,320000	1,078351E+2
8,325000	1,078274E+2
8,330000	1,078096E+2
8,335000	1,078503E+2
8,340000	1,078516E+2
8,345000	1,078223E+2
8,350000	1,078236E+2
8,355000	1,078376E+2
8,360000	1,078325E+2
8,365000	1,077905E+2
8,370000	1,078185E+2
8,375000	1,078580E+2
8,380000	1,078300E+2
8,385000	1,078109E+2
8,390000	1,078274E+2
8,395000	1,078147E+2
8,400000	1,078274E+2
8,405000	1,078185E+2
8,410000	1,078376E+2
8,415000	1,078325E+2
8,420000	1,078236E+2
8,425000	1,078198E+2
8,430000	1,078300E+2
8,435000	1,078262E+2
8,440000	1,078262E+2
8,445000	1,078032E+2
8,450000	1,078122E+2
8,455000	1,078363E+2
8,460000	1,078223E+2
8,465000	1,078198E+2
8,470000	1,078147E+2
8,475000	1,078147E+2
8,480000	1,078211E+2
8,485000	1,078109E+2
8,490000	1,078147E+2
8,495000	1,078325E+2
8,500000	1,078325E+2
8,505000	1,077969E+2
8,510000	1,078096E+2
8,515000	1,078351E+2
8,520000	1,078262E+2
8,525000	1,078096E+2
8,530000	1,077994E+2
8,535000	1,078287E+2
8,540000	1,078236E+2
8,545000	1,078058E+2
8,550000	1,078109E+2
8,555000	1,078249E+2
8,560000	1,078185E+2
8,565000	1,078058E+2
8,570000	1,078071E+2
8,575000	1,078160E+2
8,580000	1,078185E+2
8,585000	1,078007E+2
8,590000	1,078134E+2
8,595000	1,078185E+2
8,600000	1,078147E+2
8,605000	1,077943E+2
8,610000	1,078198E+2
8,615000	1,078223E+2
8,620000	1,078185E+2
8,625000	1,077969E+2
8,630000	1,078083E+2
8,635000	1,078262E+2
8,640000	1,077880E+2
8,645000	1,078032E+2
8,650000	1,078083E+2
8,655000	1,078300E+2
8,660000	1,078122E+2
8,665000	1,078045E+2
8,670000	1,078007E+2
8,675000	1,078147E+2
8,680000	1,078109E+2
8,685000	1,077956E+2
8,690000	1,078045E+2
8,695000	1,078274E+2
8,700000	1,078032E+2
8,705000	1,077854E+2
8,710000	1,078058E+2
8,715000	1,078122E+2
8,720000	1,078083E+2
8,725000	1,078045E+2
8,730000	1,078032E+2
8,735000	1,078160E+2
8,740000	1,077994E+2
8,745000	1,077918E+2
8,750000	1,077956E+2
8,755000	1,078032E+2
8,760000	1,078134E+2
8,765000	1,078045E+2
8,770000	1,078071E+2
8,775000	1,078122E+2
8,780000	1,078020E+2
8,785000	1,078032E+2
8,790000	1,078032E+2
8,795000	1,078223E+2
8,800000	1,078020E+2
8,805000	1,077867E+2
8,810000	1,077931E+2
8,815000	1,078122E+2
8,820000	1,077994E+2
8,825000	1,077867E+2
8,830000	1,077905E+2
8,835000	1,078185E+2
8,840000	1,077956E+2
8,845000	1,077867E+2
8,850000	1,077790E+2
8,855000	1,078109E+2
8,860000	1,077994E+2
8,865000	1,077841E+2
8,870000	1,077892E+2
8,875000	1,078160E+2
8,880000	1,077943E+2
8,885000	1,077943E+2
8,890000	1,078007E+2
8,895000	1,077956E+2
8,900000	1,077816E+2
8,905000	1,078122E+2
8,910000	1,077599E+2
8,915000	1,077969E+2
8,920000	1,078007E+2
8,925000	1,077892E+2
8,930000	1,078160E+2
8,935000	1,078058E+2
8,940000	1,077854E+2
8,945000	1,077689E+2
8,950000	1,077969E+2
8,955000	1,078032E+2
8,960000	1,078032E+2
8,965000	1,077918E+2
8,970000	1,078020E+2
8,975000	1,077994E+2
8,980000	1,077969E+2
8,985000	1,077880E+2
8,990000	1,077854E+2
8,995000	1,077880E+2
9,000000	1,077994E+2
9,005000	1,077701E+2
9,010000	1,077867E+2
9,015000	1,077981E+2
9,020000	1,077892E+2
9,025000	1,077803E+2
9,030000	1,077880E+2
9,035000	1,077918E+2
9,040000	1,077905E+2
9,045000	1,077727E+2
9,050000	1,077867E+2
9,055000	1,077931E+2
9,060000	1,077981E+2
9,065000	1,077778E+2
9,070000	1,077892E+2
9,075000	1,077994E+2
9,080000	1,077727E+2
9,085000	1,077638E+2
9,090000	1,077867E+2
9,095000	1,077931E+2
9,100000	1,077867E+2
9,105000	1,077689E+2
9,110000	1,077892E+2
9,115000	1,078032E+2
9,120000	1,077905E+2
9,125000	1,077740E+2
9,130000	1,077803E+2
9,135000	1,077816E+2
9,140000	1,077752E+2
9,145000	1,077663E+2
9,150000	1,077765E+2
9,155000	1,077854E+2
9,160000	1,077892E+2
9,165000	1,077714E+2
9,170000	1,077816E+2
9,175000	1,078211E+2
9,180000	1,078032E+2
9,185000	1,077727E+2
9,190000	1,077714E+2
9,195000	1,077918E+2
9,200000	1,077829E+2
9,205000	1,077485E+2
9,210000	1,077740E+2
9,215000	1,077854E+2
9,220000	1,077918E+2
9,225000	1,077561E+2
9,230000	1,077727E+2
9,235000	1,077956E+2
9,240000	1,077740E+2
9,245000	1,077549E+2
9,250000	1,077841E+2
9,255000	1,077536E+2
9,260000	1,077867E+2
9,265000	1,077599E+2
9,270000	1,078007E+2
9,275000	1,077880E+2
9,280000	1,077701E+2
9,285000	1,077816E+2
9,290000	1,077740E+2
9,295000	1,077714E+2
9,300000	1,077752E+2
9,305000	1,077561E+2
9,310000	1,077841E+2
9,315000	1,078071E+2
9,320000	1,077498E+2
9,325000	1,077638E+2
9,330000	1,077714E+2
9,335000	1,077676E+2
9,340000	1,077625E+2
9,345000	1,077841E+2
9,350000	1,077727E+2
9,355000	1,077905E+2
9,360000	1,077612E+2
9,365000	1,077536E+2
9,370000	1,077752E+2
9,375000	1,077790E+2
9,380000	1,077714E+2
9,385000	1,077523E+2
9,390000	1,077803E+2
9,395000	1,077752E+2
9,400000	1,077778E+2
9,405000	1,077587E+2
9,410000	1,077727E+2
9,415000	1,077803E+2
9,420000	1,077523E+2
9,425000	1,077599E+2
9,430000	1,077740E+2
9,435000	1,077714E+2
9,440000	1,077536E+2
9,445000	1,077612E+2
9,450000	1,077638E+2
9,455000	1,077689E+2
9,460000	1,077663E+2
9,465000	1,077650E+2
9,470000	1,077727E+2
9,475000	1,077752E+2
9,480000	1,077510E+2
9,485000	1,077612E+2
9,490000	1,077625E+2
9,495000	1,077778E+2
9,500000	1,077650E+2
9,505000	1,077485E+2
9,510000	1,077689E+2
9,515000	1,077676E+2
9,520000	1,077587E+2
9,525000	1,077421E+2
9,530000	1,077587E+2
9,535000	1,077701E+2
9,540000	1,077549E+2
9,545000	1,077485E+2
9,550000	1,077689E+2
9,555000	1,077689E+2
9,560000	1,077549E+2
9,565000	1,077408E+2
9,570000	1,077561E+2
9,575000	1,077638E+2
9,580000	1,077612E+2
9,585000	1,077549E+2
9,590000	1,077523E+2
9,595000	1,077650E+2
9,600000	1,077638E+2
9,605000	1,077498E+2
9,610000	1,077523E+2
9,615000	1,077752E+2
9,620000	1,077587E+2
9,625000	1,077370E+2
9,630000	1,077549E+2
9,635000	1,077574E+2
9,640000	1,077727E+2
9,645000	1,077434E+2
9,650000	1,077396E+2
9,655000	1,077663E+2
9,660000	1,077574E+2
9,665000	1,077689E+2
9,670000	1,077599E+2
9,675000	1,077701E+2
9,680000	1,077599E+2
9,685000	1,077472E+2
9,690000	1,077447E+2
9,695000	1,077650E+2
9,700000	1,077472E+2
9,705000	1,077434E+2
9,710000	1,077510E+2
9,715000	1,077587E+2
9,720000	1,077434E+2
9,725000	1,077536E+2
9,730000	1,077459E+2
9,735000	1,077625E+2
9,740000	1,077421E+2
9,745000	1,077358E+2
9,750000	1,077625E+2
9,755000	1,077612E+2
9,760000	1,077421E+2
9,765000	1,077549E+2
9,770000	1,077599E+2
9,775000	1,077370E+2
9,780000	1,077434E+2
9,785000	1,077319E+2
9,790000	1,077574E+2
9,795000	1,077408E+2
9,800000	1,077485E+2
9,805000	1,077370E+2
9,810000	1,077485E+2
9,815000	1,077498E+2
9,820000	1,077370E+2
9,825000	1,077447E+2
9,830000	1,077689E+2
9,835000	1,077740E+2
9,840000	1,077549E+2
9,845000	1,077421E+2
9,850000	1,077536E+2
9,855000	1,077358E+2
9,860000	1,077294E+2
9,865000	1,077383E+2
9,870000	1,077625E+2
9,875000	1,077574E+2
9,880000	1,077396E+2
9,885000	1,077383E+2
9,890000	1,077319E+2
9,895000	1,077536E+2
9,900000	1,077459E+2
9,905000	1,077599E+2
9,910000	1,077396E+2
9,915000	1,077536E+2
9,920000	1,077485E+2
9,925000	1,077294E+2
9,930000	1,077434E+2
9,935000	1,077523E+2
9,940000	1,077319E+2
9,945000	1,077383E+2
9,950000	1,077536E+2
9,955000	1,077523E+2
9,960000	1,077408E+2
9,965000	1,077294E+2
9,970000	1,077396E+2
9,975000	1,077485E+2
9,980000	1,077319E+2
9,985000	1,077396E+2
9,990000	1,077421E+2
9,995000	1,077421E+2
10,000000	1,077294E+2
10,005000	1,077370E+2
10,010000	1,077358E+2
10,015000	1,077510E+2
10,020000	1,077434E+2
10,025000	1,077294E+2
10,030000	1,077332E+2
10,035000	1,077459E+2
10,040000	1,077459E+2
10,045000	1,077447E+2
10,050000	1,077421E+2
10,055000	1,077459E+2
10,060000	1,077370E+2
10,065000	1,077345E+2
10,070000	1,077396E+2
10,075000	1,077396E+2
10,080000	1,077141E+2
10,085000	1,077294E+2
10,090000	1,077523E+2
10,095000	1,077498E+2
10,100000	1,077345E+2
10,105000	1,077549E+2
10,110000	1,077167E+2
10,115000	1,077523E+2
10,120000	1,077485E+2
10,125000	1,077014E+2
10,130000	1,077561E+2
10,135000	1,077472E+2
10,140000	1,077345E+2
10,145000	1,077243E+2
10,150000	1,077358E+2
10,155000	1,077294E+2
10,160000	1,077268E+2
10,165000	1,077217E+2
10,170000	1,077294E+2
10,175000	1,077459E+2
10,180000	1,077294E+2
10,185000	1,077256E+2
10,190000	1,077268E+2
10,195000	1,077230E+2
10,200000	1,077332E+2
10,205000	1,077154E+2
10,210000	1,077421E+2
10,215000	1,077396E+2
10,220000	1,077192E+2
10,225000	1,077243E+2
10,230000	1,077421E+2
10,235000	1,077167E+2
10,240000	1,077141E+2
10,245000	1,077256E+2
10,250000	1,077408E+2
10,255000	1,077510E+2
10,260000	1,077268E+2
10,265000	1,077128E+2
10,270000	1,077256E+2
10,275000	1,077192E+2
10,280000	1,077358E+2
10,285000	1,077192E+2
10,290000	1,077205E+2
10,295000	1,077307E+2
10,300000	1,077345E+2
10,305000	1,077268E+2
10,310000	1,077383E+2
10,315000	1,077396E+2
10,320000	1,077141E+2
10,325000	1,077358E+2
10,330000	1,077217E+2
10,335000	1,077319E+2
10,340000	1,077243E+2
10,345000	1,077128E+2
10,350000	1,077307E+2
10,355000	1,076925E+2
10,360000	1,077243E+2
10,365000	1,077243E+2

