date/time: ,04/07/2024,07:48 p.m.
Run 1

time	(KPA)
0,000000	1,016928E+2
0,005000	1,017158E+2
0,010000	1,016788E+2
0,015000	1,017374E+2
0,020000	1,016661E+2
0,025000	1,017247E+2
0,030000	1,017119E+2
0,035000	1,016674E+2
0,040000	1,017145E+2
0,045000	1,016585E+2
0,050000	1,017259E+2
0,055000	1,016814E+2
0,060000	1,017119E+2
0,065000	1,016839E+2
0,070000	1,017183E+2
0,075000	1,016954E+2
0,080000	1,016967E+2
0,085000	1,016661E+2
0,090000	1,017183E+2
0,095000	1,017158E+2
0,100000	1,016661E+2
0,105000	1,017119E+2
0,110000	1,017119E+2
0,115000	1,016763E+2
0,120000	1,017221E+2
0,125000	1,016712E+2
0,130000	1,017463E+2
0,135000	1,016559E+2
0,140000	1,017132E+2
0,145000	1,016725E+2
0,150000	1,017196E+2
0,155000	1,017221E+2
0,160000	1,016648E+2
0,165000	1,017158E+2
0,170000	1,017170E+2
0,175000	1,016788E+2
0,180000	1,017017E+2
0,185000	1,016801E+2
0,190000	1,017349E+2
0,195000	1,016636E+2
0,200000	1,016801E+2
0,205000	1,017323E+2
0,210000	1,016839E+2
0,215000	1,017425E+2
0,220000	1,016610E+2
0,225000	1,017323E+2
0,230000	1,016737E+2
0,235000	1,017285E+2
0,240000	1,016470E+2
0,245000	1,017387E+2
0,250000	1,016826E+2
0,255000	1,017412E+2
0,260000	1,016559E+2
0,265000	1,017387E+2
0,270000	1,016623E+2
0,275000	1,017323E+2
0,280000	1,016623E+2
0,285000	1,017463E+2
0,290000	1,016674E+2
0,295000	1,017298E+2
0,300000	1,016559E+2
0,305000	1,017259E+2
0,310000	1,016661E+2
0,315000	1,017463E+2
0,320000	1,016610E+2
0,325000	1,017463E+2
0,330000	1,016686E+2
0,335000	1,017132E+2
0,340000	1,016572E+2
0,345000	1,017450E+2
0,350000	1,016661E+2
0,355000	1,017425E+2
0,360000	1,016343E+2
0,365000	1,017298E+2
0,370000	1,016839E+2
0,375000	1,017247E+2
0,380000	1,016903E+2
0,385000	1,016763E+2
0,390000	1,017336E+2
0,395000	1,016763E+2
0,400000	1,016814E+2
0,405000	1,017285E+2
0,410000	1,017056E+2
0,415000	1,016661E+2
0,420000	1,016890E+2
0,425000	1,017285E+2
0,430000	1,016839E+2
0,435000	1,017005E+2
0,440000	1,017132E+2
0,445000	1,016826E+2
0,450000	1,017005E+2
0,455000	1,017145E+2
0,460000	1,016776E+2
0,465000	1,016979E+2
0,470000	1,017336E+2
0,475000	1,016826E+2
0,480000	1,016712E+2
0,485000	1,017056E+2
0,490000	1,017349E+2
0,495000	1,016712E+2
0,500000	1,017119E+2
0,505000	1,016941E+2
0,510000	1,016916E+2
0,515000	1,017208E+2
0,520000	1,016852E+2
0,525000	1,016877E+2
0,530000	1,017234E+2
0,535000	1,016826E+2
0,540000	1,016788E+2
0,545000	1,017450E+2
0,550000	1,017017E+2
0,555000	1,016839E+2
0,560000	1,017170E+2
0,565000	1,016801E+2
0,570000	1,017145E+2
0,575000	1,017183E+2
0,580000	1,016572E+2
0,585000	1,017349E+2
0,590000	1,017005E+2
0,595000	1,016814E+2
0,600000	1,017158E+2
0,605000	1,016788E+2
0,610000	1,017412E+2
0,615000	1,016546E+2
0,620000	1,017323E+2
0,625000	1,016661E+2
0,630000	1,017489E+2
0,635000	1,016979E+2
0,640000	1,016737E+2
0,645000	1,017387E+2
0,650000	1,016737E+2
0,655000	1,017107E+2
0,660000	1,016903E+2
0,665000	1,016839E+2
0,670000	1,017438E+2
0,675000	1,016941E+2
0,680000	1,016585E+2
0,685000	1,017017E+2
0,690000	1,017145E+2
0,695000	1,016788E+2
0,700000	1,016992E+2
0,705000	1,017170E+2
0,710000	1,016916E+2
0,715000	1,016826E+2
0,720000	1,017030E+2
0,725000	1,017081E+2
0,730000	1,016979E+2
0,735000	1,016890E+2
0,740000	1,016954E+2
0,745000	1,017081E+2
0,750000	1,017183E+2
0,755000	1,016648E+2
0,760000	1,016839E+2
0,765000	1,017336E+2
0,770000	1,017030E+2
0,775000	1,017017E+2
0,780000	1,016725E+2
0,785000	1,017107E+2
0,790000	1,017361E+2
0,795000	1,016979E+2
0,800000	1,016686E+2
0,805000	1,017017E+2
0,810000	1,017336E+2
0,815000	1,016916E+2
0,820000	1,016623E+2
0,825000	1,017145E+2
0,830000	1,017068E+2
0,835000	1,016661E+2
0,840000	1,016903E+2
0,845000	1,017285E+2
0,850000	1,017056E+2
0,855000	1,016712E+2
0,860000	1,017145E+2
0,865000	1,017272E+2
0,870000	1,016750E+2
0,875000	1,016979E+2
0,880000	1,017094E+2
0,885000	1,016852E+2
0,890000	1,017158E+2
0,895000	1,017056E+2
0,900000	1,016992E+2
0,905000	1,017094E+2
0,910000	1,016788E+2
0,915000	1,017119E+2
0,920000	1,017132E+2
0,925000	1,016852E+2
0,930000	1,017081E+2
0,935000	1,017158E+2
0,940000	1,016737E+2
0,945000	1,017056E+2
0,950000	1,017056E+2
0,955000	1,017068E+2
0,960000	1,016941E+2
0,965000	1,016954E+2
0,970000	1,017017E+2
0,975000	1,016928E+2
0,980000	1,016852E+2
0,985000	1,017272E+2
0,990000	1,017119E+2
0,995000	1,016941E+2
1,000000	1,016839E+2
1,005000	1,016916E+2
1,010000	1,017119E+2
1,015000	1,017094E+2
1,020000	1,016903E+2
1,025000	1,016750E+2
1,030000	1,017158E+2
1,035000	1,016826E+2
1,040000	1,016788E+2
1,045000	1,017412E+2
1,050000	1,016801E+2
1,055000	1,017234E+2
1,060000	1,016712E+2
1,065000	1,017425E+2
1,070000	1,016737E+2
1,075000	1,017259E+2
1,080000	1,016368E+2
1,085000	1,017425E+2
1,090000	1,016839E+2
1,095000	1,017094E+2
1,100000	1,017094E+2
1,105000	1,016776E+2
1,110000	1,017107E+2
1,115000	1,017107E+2
1,120000	1,016712E+2
1,125000	1,017310E+2
1,130000	1,016737E+2
1,135000	1,017119E+2
1,140000	1,017107E+2
1,145000	1,016801E+2
1,150000	1,017552E+2
1,155000	1,016801E+2
1,160000	1,016903E+2
1,165000	1,016903E+2
1,170000	1,017336E+2
1,175000	1,016661E+2
1,180000	1,017158E+2
1,185000	1,017221E+2
1,190000	1,016839E+2
1,195000	1,017119E+2
1,200000	1,017183E+2
1,205000	1,016916E+2
1,210000	1,016928E+2
1,215000	1,017145E+2
1,220000	1,017005E+2
1,225000	1,016814E+2
1,230000	1,017030E+2
1,235000	1,017068E+2
1,240000	1,016661E+2
1,245000	1,017349E+2
1,250000	1,017068E+2
1,255000	1,016737E+2
1,260000	1,016916E+2
1,265000	1,017387E+2
1,270000	1,016877E+2
1,275000	1,016737E+2
1,280000	1,017387E+2
1,285000	1,016674E+2
1,290000	1,017183E+2
1,295000	1,017005E+2
1,300000	1,016750E+2
1,305000	1,016801E+2
1,310000	1,017349E+2
1,315000	1,016737E+2
1,320000	1,017005E+2
1,325000	1,017145E+2
1,330000	1,016941E+2
1,335000	1,016852E+2
1,340000	1,017196E+2
1,345000	1,017005E+2
1,350000	1,017234E+2
1,355000	1,017081E+2
1,360000	1,016814E+2
1,365000	1,016916E+2
1,370000	1,016992E+2
1,375000	1,016979E+2
1,380000	1,017056E+2
1,385000	1,016992E+2
1,390000	1,016877E+2
1,395000	1,016954E+2
1,400000	1,017030E+2
1,405000	1,017068E+2
1,410000	1,016725E+2
1,415000	1,016877E+2
1,420000	1,017221E+2
1,425000	1,017017E+2
1,430000	1,017030E+2
1,435000	1,017030E+2
1,440000	1,017145E+2
1,445000	1,016916E+2
1,450000	1,016814E+2
1,455000	1,017221E+2
1,460000	1,016941E+2
1,465000	1,016826E+2
1,470000	1,017310E+2
1,475000	1,016941E+2
1,480000	1,016763E+2
1,485000	1,017158E+2
1,490000	1,016699E+2
1,495000	1,016865E+2
1,500000	1,017234E+2
1,505000	1,016826E+2
1,510000	1,017081E+2
1,515000	1,017196E+2
1,520000	1,016737E+2
1,525000	1,017132E+2
1,530000	1,017158E+2
1,535000	1,016826E+2
1,540000	1,016839E+2
1,545000	1,017183E+2
1,550000	1,017158E+2
1,555000	1,016865E+2
1,560000	1,016763E+2
1,565000	1,017196E+2
1,570000	1,017145E+2
1,575000	1,016928E+2
1,580000	1,016737E+2
1,585000	1,016979E+2
1,590000	1,016967E+2
1,595000	1,017183E+2
1,600000	1,016979E+2
1,605000	1,016877E+2
1,610000	1,016979E+2
1,615000	1,017208E+2
1,620000	1,016928E+2
1,625000	1,016992E+2
1,630000	1,016979E+2
1,635000	1,016979E+2
1,640000	1,017119E+2
1,645000	1,017081E+2
1,650000	1,017272E+2
1,655000	1,016890E+2
1,660000	1,016725E+2
1,665000	1,017399E+2
1,670000	1,016903E+2
1,675000	1,016967E+2
1,680000	1,017107E+2
1,685000	1,016750E+2
1,690000	1,017285E+2
1,695000	1,016763E+2
1,700000	1,016826E+2
1,705000	1,017476E+2
1,710000	1,016992E+2
1,715000	1,016636E+2
1,720000	1,016954E+2
1,725000	1,017285E+2
1,730000	1,016852E+2
1,735000	1,016877E+2
1,740000	1,017081E+2
1,745000	1,017247E+2
1,750000	1,016903E+2
1,755000	1,016776E+2
1,760000	1,017119E+2
1,765000	1,017285E+2
1,770000	1,016801E+2
1,775000	1,017030E+2
1,780000	1,017247E+2
1,785000	1,016877E+2
1,790000	1,016992E+2
1,795000	1,017183E+2
1,800000	1,017043E+2
1,805000	1,016826E+2
1,810000	1,017017E+2
1,815000	1,017272E+2
1,820000	1,016712E+2
1,825000	1,017208E+2
1,830000	1,016839E+2
1,835000	1,017310E+2
1,840000	1,016636E+2
1,845000	1,017361E+2
1,850000	1,017107E+2
1,855000	1,016725E+2
1,860000	1,017221E+2
1,865000	1,016839E+2
1,870000	1,016877E+2
1,875000	1,017132E+2
1,880000	1,017043E+2
1,885000	1,016776E+2
1,890000	1,017132E+2
1,895000	1,017145E+2
1,900000	1,016686E+2
1,905000	1,016928E+2
1,910000	1,017310E+2
1,915000	1,016686E+2
1,920000	1,017170E+2
1,925000	1,017361E+2
1,930000	1,016826E+2
1,935000	1,017170E+2
1,940000	1,017119E+2
1,945000	1,017119E+2
1,950000	1,016839E+2
1,955000	1,016826E+2
1,960000	1,017298E+2
1,965000	1,016890E+2
1,970000	1,016979E+2
1,975000	1,017145E+2
1,980000	1,016865E+2
1,985000	1,016852E+2
1,990000	1,016941E+2
1,995000	1,017081E+2
2,000000	1,017272E+2
2,005000	1,016852E+2
2,010000	1,017145E+2
2,015000	1,017158E+2
2,020000	1,016546E+2
2,025000	1,017285E+2
2,030000	1,016699E+2
2,035000	1,017158E+2
2,040000	1,017030E+2
2,045000	1,016967E+2
2,050000	1,017068E+2
2,055000	1,017068E+2
2,060000	1,016941E+2
2,065000	1,016826E+2
2,070000	1,017132E+2
2,075000	1,016992E+2
2,080000	1,016788E+2
2,085000	1,017298E+2
2,090000	1,017183E+2
2,095000	1,016648E+2
2,100000	1,016992E+2
2,105000	1,017208E+2
2,110000	1,016903E+2
2,115000	1,016865E+2
2,120000	1,017310E+2
2,125000	1,017081E+2
2,130000	1,016865E+2
2,135000	1,016903E+2
2,140000	1,016979E+2
2,145000	1,017145E+2
2,150000	1,017094E+2
2,155000	1,016967E+2
2,160000	1,016750E+2
2,165000	1,017094E+2
2,170000	1,017145E+2
2,175000	1,016979E+2
2,180000	1,017005E+2
2,185000	1,016941E+2
2,190000	1,016890E+2
2,195000	1,016890E+2
2,200000	1,017247E+2
2,205000	1,017145E+2
2,210000	1,017017E+2
2,215000	1,016699E+2
2,220000	1,016877E+2
2,225000	1,017132E+2
2,230000	1,017272E+2
2,235000	1,016788E+2
2,240000	1,016916E+2
2,245000	1,017361E+2
2,250000	1,016674E+2
2,255000	1,017005E+2
2,260000	1,017259E+2
2,265000	1,017158E+2
2,270000	1,017056E+2
2,275000	1,016801E+2
2,280000	1,017017E+2
2,285000	1,017310E+2
2,290000	1,016559E+2
2,295000	1,017425E+2
2,300000	1,016572E+2
2,305000	1,017412E+2
2,310000	1,016903E+2
2,315000	1,016865E+2
2,320000	1,017323E+2
2,325000	1,016877E+2
2,330000	1,016877E+2
2,335000	1,017323E+2
2,340000	1,016712E+2
2,345000	1,017272E+2
2,350000	1,016737E+2
2,355000	1,017463E+2
2,360000	1,016814E+2
2,365000	1,017158E+2
2,370000	1,016992E+2
2,375000	1,017221E+2
2,380000	1,016903E+2
2,385000	1,016979E+2
2,390000	1,017489E+2
2,395000	1,016725E+2
2,400000	1,017056E+2
2,405000	1,016814E+2
2,410000	1,017387E+2
2,415000	1,016826E+2
2,420000	1,016776E+2
2,425000	1,017387E+2
2,430000	1,016954E+2
2,435000	1,016763E+2
2,440000	1,017196E+2
2,445000	1,017247E+2
2,450000	1,016877E+2
2,455000	1,016865E+2
2,460000	1,017349E+2
2,465000	1,017208E+2
2,470000	1,016814E+2
2,475000	1,017170E+2
2,480000	1,016776E+2
2,485000	1,017183E+2
2,490000	1,017208E+2
2,495000	1,016636E+2
2,500000	1,017259E+2
2,505000	1,016737E+2
2,510000	1,017489E+2
2,515000	1,016419E+2
2,520000	1,016636E+2
2,525000	1,017323E+2
2,530000	1,017068E+2
2,535000	1,016814E+2
2,540000	1,017208E+2
2,545000	1,017068E+2
2,550000	1,016979E+2
2,555000	1,017259E+2
2,560000	1,016954E+2
2,565000	1,017081E+2
2,570000	1,017221E+2
2,575000	1,017081E+2
2,580000	1,016979E+2
2,585000	1,017349E+2
2,590000	1,017514E+2
2,595000	1,016801E+2
2,600000	1,017399E+2
2,605000	1,017272E+2
2,610000	1,017425E+2
2,615000	1,017450E+2
2,620000	1,018163E+2
2,625000	1,017731E+2
2,630000	1,017820E+2
2,635000	1,018303E+2
2,640000	1,017947E+2
2,645000	1,018685E+2
2,650000	1,018087E+2
2,655000	1,018838E+2
2,660000	1,019055E+2
2,665000	1,019437E+2
2,670000	1,019131E+2
2,675000	1,019373E+2
2,680000	1,020022E+2
2,685000	1,019551E+2
2,690000	1,020112E+2
2,695000	1,020277E+2
2,700000	1,020290E+2
2,705000	1,020965E+2
2,710000	1,020850E+2
2,715000	1,020965E+2
2,720000	1,021563E+2
2,725000	1,021843E+2
2,730000	1,021729E+2
2,735000	1,022225E+2
2,740000	1,022607E+2
2,745000	1,022594E+2
2,750000	1,023371E+2
2,755000	1,023167E+2
2,760000	1,023511E+2
2,765000	1,024377E+2
2,770000	1,024084E+2
2,775000	1,024555E+2
2,780000	1,024975E+2
2,785000	1,024886E+2
2,790000	1,025778E+2
2,795000	1,025765E+2
2,800000	1,025778E+2
2,805000	1,026694E+2
2,810000	1,026478E+2
2,815000	1,026873E+2
2,820000	1,027204E+2
2,825000	1,027509E+2
2,830000	1,028044E+2
2,835000	1,027929E+2
2,840000	1,028273E+2
2,845000	1,029012E+2
2,850000	1,028541E+2
2,855000	1,029317E+2
2,860000	1,029164E+2
2,865000	1,029114E+2
2,870000	1,029890E+2
2,875000	1,029279E+2
2,880000	1,029355E+2
2,885000	1,029636E+2
2,890000	1,029737E+2
2,895000	1,029241E+2
2,900000	1,029508E+2
2,905000	1,029827E+2
2,910000	1,029610E+2
2,915000	1,029317E+2
2,920000	1,029495E+2
2,925000	1,029585E+2
2,930000	1,029623E+2
2,935000	1,029343E+2
2,940000	1,029114E+2
2,945000	1,029661E+2
2,950000	1,029521E+2
2,955000	1,029483E+2
2,960000	1,029597E+2
2,965000	1,029445E+2
2,970000	1,029330E+2
2,975000	1,029228E+2
2,980000	1,029585E+2
2,985000	1,029636E+2
2,990000	1,029292E+2
2,995000	1,029063E+2
3,000000	1,029674E+2
3,005000	1,029610E+2
3,010000	1,029406E+2
3,015000	1,029228E+2
3,020000	1,029419E+2
3,025000	1,029470E+2
3,030000	1,029521E+2
3,035000	1,029292E+2
3,040000	1,029330E+2
3,045000	1,029330E+2
3,050000	1,029394E+2
3,055000	1,029304E+2
3,060000	1,029623E+2
3,065000	1,029394E+2
3,070000	1,029381E+2
3,075000	1,029483E+2
3,080000	1,029381E+2
3,085000	1,029623E+2
3,090000	1,029585E+2
3,095000	1,029050E+2
3,100000	1,029495E+2
3,105000	1,029445E+2
3,110000	1,029508E+2
3,115000	1,029559E+2
3,120000	1,029610E+2
3,125000	1,029546E+2
3,130000	1,029394E+2
3,135000	1,029075E+2
3,140000	1,029521E+2
3,145000	1,029597E+2
3,150000	1,029495E+2
3,155000	1,029636E+2
3,160000	1,029521E+2
3,165000	1,029355E+2
3,170000	1,029228E+2
3,175000	1,029279E+2
3,180000	1,029508E+2
3,185000	1,029623E+2
3,190000	1,029343E+2
3,195000	1,029254E+2
3,200000	1,029317E+2
3,205000	1,029597E+2
3,210000	1,029368E+2
3,215000	1,029139E+2
3,220000	1,029304E+2
3,225000	1,029737E+2
3,230000	1,029394E+2
3,235000	1,029037E+2
3,240000	1,029495E+2
3,245000	1,029712E+2
3,250000	1,029419E+2
3,255000	1,029024E+2
3,260000	1,029215E+2
3,265000	1,029394E+2
3,270000	1,029394E+2
3,275000	1,029368E+2
3,280000	1,029292E+2
3,285000	1,029190E+2
3,290000	1,029152E+2
3,295000	1,029304E+2
3,300000	1,029266E+2
3,305000	1,029292E+2
3,310000	1,029050E+2
3,315000	1,029152E+2
3,320000	1,029406E+2
3,325000	1,029355E+2
3,330000	1,029114E+2
3,335000	1,029050E+2
3,340000	1,029177E+2
3,345000	1,029508E+2
3,350000	1,029317E+2
3,355000	1,028719E+2
3,360000	1,029419E+2
3,365000	1,029279E+2
3,370000	1,028923E+2
3,375000	1,029114E+2
3,380000	1,029432E+2
3,385000	1,029368E+2
3,390000	1,029024E+2
3,395000	1,029228E+2
3,400000	1,029075E+2
3,405000	1,029164E+2
3,410000	1,029063E+2
3,415000	1,029394E+2
3,420000	1,029254E+2
3,425000	1,029203E+2
3,430000	1,029012E+2
3,435000	1,029228E+2
3,440000	1,029228E+2
3,445000	1,028923E+2
3,450000	1,028973E+2
3,455000	1,029037E+2
3,460000	1,029292E+2
3,465000	1,029228E+2
3,470000	1,028986E+2
3,475000	1,028821E+2
3,480000	1,029152E+2
3,485000	1,029254E+2
3,490000	1,029126E+2
3,495000	1,029075E+2
3,500000	1,029279E+2
3,505000	1,029114E+2
3,510000	1,028821E+2
3,515000	1,029024E+2
3,520000	1,029241E+2
3,525000	1,029177E+2
3,530000	1,028948E+2
3,535000	1,028795E+2
3,540000	1,029024E+2
3,545000	1,028999E+2
3,550000	1,029063E+2
3,555000	1,028884E+2
3,560000	1,029203E+2
3,565000	1,029037E+2
3,570000	1,029075E+2
3,575000	1,029063E+2
3,580000	1,029126E+2
3,585000	1,028897E+2
3,590000	1,028808E+2
3,595000	1,029024E+2
3,600000	1,029114E+2
3,605000	1,028961E+2
3,610000	1,028744E+2
3,615000	1,028732E+2
3,620000	1,029075E+2
3,625000	1,029114E+2
3,630000	1,028693E+2
3,635000	1,028910E+2
3,640000	1,029037E+2
3,645000	1,029075E+2
3,650000	1,028986E+2
3,655000	1,028897E+2
3,660000	1,028833E+2
3,665000	1,029203E+2
3,670000	1,028961E+2
3,675000	1,028770E+2
3,680000	1,028884E+2
3,685000	1,029279E+2
3,690000	1,028973E+2
3,695000	1,028706E+2
3,700000	1,028923E+2
3,705000	1,029139E+2
3,710000	1,028935E+2
3,715000	1,028668E+2
3,720000	1,028795E+2
3,725000	1,029126E+2
3,730000	1,028948E+2
3,735000	1,028808E+2
3,740000	1,028655E+2
3,745000	1,029114E+2
3,750000	1,028935E+2
3,755000	1,028502E+2
3,760000	1,029037E+2
3,765000	1,029088E+2
3,770000	1,028757E+2
3,775000	1,028541E+2
3,780000	1,028655E+2
3,785000	1,028833E+2
3,790000	1,029050E+2
3,795000	1,028770E+2
3,800000	1,028681E+2
3,805000	1,028782E+2
3,810000	1,028923E+2
3,815000	1,028833E+2
3,820000	1,028846E+2
3,825000	1,028795E+2
3,830000	1,028833E+2
3,835000	1,028757E+2
3,840000	1,028808E+2
3,845000	1,028948E+2
3,850000	1,028566E+2
3,855000	1,028642E+2
3,860000	1,028808E+2
3,865000	1,028821E+2
3,870000	1,028553E+2
3,875000	1,028579E+2
3,880000	1,028923E+2
3,885000	1,029254E+2
3,890000	1,028553E+2
3,895000	1,028528E+2
3,900000	1,028693E+2
3,905000	1,029024E+2
3,910000	1,028604E+2
3,915000	1,028541E+2
3,920000	1,028872E+2
3,925000	1,028821E+2
3,930000	1,028400E+2
3,935000	1,028490E+2
3,940000	1,028884E+2
3,945000	1,029024E+2
3,950000	1,028604E+2
3,955000	1,028464E+2
3,960000	1,028515E+2
3,965000	1,028821E+2
3,970000	1,028884E+2
3,975000	1,028541E+2
3,980000	1,028477E+2
3,985000	1,028693E+2
3,990000	1,028757E+2
3,995000	1,028324E+2
4,000000	1,028604E+2
4,005000	1,028655E+2
4,010000	1,028744E+2
4,015000	1,028375E+2
4,020000	1,028337E+2
4,025000	1,028821E+2
4,030000	1,028681E+2
4,035000	1,028630E+2
4,040000	1,028299E+2
4,045000	1,029101E+2
4,050000	1,028350E+2
4,055000	1,028426E+2
4,060000	1,028591E+2
4,065000	1,028681E+2
4,070000	1,028655E+2
4,075000	1,028668E+2
4,080000	1,028528E+2
4,085000	1,028579E+2
4,090000	1,028515E+2
4,095000	1,028515E+2
4,100000	1,028757E+2
4,105000	1,028770E+2
4,110000	1,028426E+2
4,115000	1,028375E+2
4,120000	1,028604E+2
4,125000	1,028604E+2
4,130000	1,028528E+2
4,135000	1,028617E+2
4,140000	1,028681E+2
4,145000	1,028490E+2
4,150000	1,028464E+2
4,155000	1,028719E+2
4,160000	1,028566E+2
4,165000	1,028439E+2
4,170000	1,028400E+2
4,175000	1,028782E+2
4,180000	1,028515E+2
4,185000	1,028693E+2
4,190000	1,028617E+2
4,195000	1,028362E+2
4,200000	1,028502E+2
4,205000	1,028579E+2
4,210000	1,028490E+2
4,215000	1,028464E+2
4,220000	1,028833E+2
4,225000	1,028515E+2
4,230000	1,028413E+2
4,235000	1,028566E+2
4,240000	1,028655E+2
4,245000	1,028604E+2
4,250000	1,028324E+2
4,255000	1,028248E+2
4,260000	1,028744E+2
4,265000	1,028502E+2
4,270000	1,028426E+2
4,275000	1,028337E+2
4,280000	1,028388E+2
4,285000	1,028617E+2
4,290000	1,028362E+2
4,295000	1,028451E+2
4,300000	1,028515E+2
4,305000	1,028337E+2
4,310000	1,028451E+2
4,315000	1,028350E+2
4,320000	1,028617E+2
4,325000	1,028541E+2
4,330000	1,028413E+2
4,335000	1,028350E+2
4,340000	1,028362E+2
4,345000	1,028426E+2
4,350000	1,028681E+2
4,355000	1,028337E+2
4,360000	1,028311E+2
4,365000	1,028324E+2
4,370000	1,028490E+2
4,375000	1,028311E+2
4,380000	1,028350E+2
4,385000	1,028477E+2
4,390000	1,028362E+2
4,395000	1,028604E+2
4,400000	1,028311E+2
4,405000	1,028350E+2
4,410000	1,028502E+2
4,415000	1,028248E+2
4,420000	1,028566E+2
4,425000	1,028541E+2
4,430000	1,027993E+2
4,435000	1,028439E+2
4,440000	1,028681E+2
4,445000	1,028260E+2
4,450000	1,028604E+2
4,455000	1,028222E+2
4,460000	1,028273E+2
4,465000	1,028553E+2
4,470000	1,028311E+2
4,475000	1,028451E+2
4,480000	1,028477E+2
4,485000	1,028209E+2
4,490000	1,028299E+2
4,495000	1,028426E+2
4,500000	1,028617E+2
4,505000	1,028362E+2
4,510000	1,028031E+2
4,515000	1,028579E+2
4,520000	1,028388E+2
4,525000	1,028311E+2
4,530000	1,028222E+2
4,535000	1,028299E+2
4,540000	1,028553E+2
4,545000	1,028515E+2
4,550000	1,028235E+2
4,555000	1,028108E+2
4,560000	1,028311E+2
4,565000	1,028248E+2
4,570000	1,028413E+2
4,575000	1,028248E+2
4,580000	1,028350E+2
4,585000	1,028120E+2
4,590000	1,028235E+2
4,595000	1,028375E+2
4,600000	1,028337E+2
4,605000	1,028197E+2
4,610000	1,028286E+2
4,615000	1,028451E+2
4,620000	1,028299E+2
4,625000	1,028044E+2
4,630000	1,028311E+2
4,635000	1,028375E+2
4,640000	1,028146E+2
4,645000	1,028286E+2
4,650000	1,028133E+2
4,655000	1,028248E+2
4,660000	1,028591E+2
4,665000	1,028197E+2
4,670000	1,028222E+2
4,675000	1,028057E+2
4,680000	1,028082E+2
4,685000	1,028630E+2
4,690000	1,028184E+2
4,695000	1,028082E+2
4,700000	1,028108E+2
4,705000	1,028388E+2
4,710000	1,028260E+2
4,715000	1,028069E+2
4,720000	1,028222E+2
4,725000	1,028490E+2
4,730000	1,028159E+2
4,735000	1,027929E+2
4,740000	1,028273E+2
4,745000	1,028375E+2
4,750000	1,028248E+2
4,755000	1,028235E+2
4,760000	1,028324E+2
4,765000	1,028350E+2
4,770000	1,028069E+2
4,775000	1,028159E+2
4,780000	1,028299E+2
4,785000	1,028159E+2
4,790000	1,028018E+2
4,795000	1,028591E+2
4,800000	1,028120E+2
4,805000	1,028095E+2
4,810000	1,028031E+2
4,815000	1,028069E+2
4,820000	1,028388E+2
4,825000	1,028184E+2
4,830000	1,027853E+2
4,835000	1,028120E+2
4,840000	1,028451E+2
4,845000	1,028286E+2
4,850000	1,027904E+2
4,855000	1,028260E+2
4,860000	1,028413E+2
4,865000	1,028069E+2
4,870000	1,028082E+2
4,875000	1,028273E+2
4,880000	1,028413E+2
4,885000	1,028260E+2
4,890000	1,027713E+2
4,895000	1,028171E+2
4,900000	1,028490E+2
4,905000	1,027955E+2
4,910000	1,028069E+2
4,915000	1,028362E+2
4,920000	1,028248E+2
4,925000	1,028095E+2
4,930000	1,028006E+2
4,935000	1,028209E+2
4,940000	1,028413E+2
4,945000	1,028120E+2
4,950000	1,028133E+2
4,955000	1,027891E+2
4,960000	1,028120E+2
4,965000	1,028464E+2
4,970000	1,027904E+2
4,975000	1,027955E+2
4,980000	1,028108E+2
4,985000	1,028451E+2
4,990000	1,028006E+2
4,995000	1,027828E+2
5,000000	1,028235E+2
5,005000	1,028082E+2
5,010000	1,028095E+2
5,015000	1,028260E+2
5,020000	1,028273E+2
5,025000	1,028133E+2
5,030000	1,028018E+2
5,035000	1,027828E+2
5,040000	1,027968E+2
5,045000	1,028133E+2
5,050000	1,028095E+2
5,055000	1,028120E+2
5,060000	1,028171E+2
5,065000	1,028108E+2
5,070000	1,027955E+2
5,075000	1,028006E+2
5,080000	1,028260E+2
5,085000	1,028095E+2
5,090000	1,028120E+2
5,095000	1,027878E+2
5,100000	1,028069E+2
5,105000	1,028209E+2
5,110000	1,028159E+2
5,115000	1,028095E+2
5,120000	1,028095E+2
5,125000	1,027955E+2
5,130000	1,027840E+2
5,135000	1,027968E+2
5,140000	1,028273E+2
5,145000	1,028082E+2
5,150000	1,027917E+2
5,155000	1,027993E+2
5,160000	1,028222E+2
5,165000	1,028248E+2
5,170000	1,028018E+2
5,175000	1,027853E+2
5,180000	1,028248E+2
5,185000	1,028146E+2
5,190000	1,027802E+2
5,195000	1,028057E+2
5,200000	1,028311E+2
5,205000	1,028095E+2
5,210000	1,027828E+2
5,215000	1,027942E+2
5,220000	1,028248E+2
5,225000	1,028222E+2
5,230000	1,028057E+2
5,235000	1,028133E+2
5,240000	1,028209E+2
5,245000	1,028197E+2
5,250000	1,027929E+2
5,255000	1,027789E+2
5,260000	1,027980E+2
5,265000	1,028324E+2
5,270000	1,028082E+2
5,275000	1,027968E+2
5,280000	1,027968E+2
5,285000	1,028057E+2
5,290000	1,028095E+2
5,295000	1,028069E+2
5,300000	1,028082E+2
5,305000	1,027904E+2
5,310000	1,027828E+2
5,315000	1,027866E+2
5,320000	1,027904E+2
5,325000	1,028095E+2
5,330000	1,028069E+2
5,335000	1,028018E+2
5,340000	1,028082E+2
5,345000	1,027968E+2
5,350000	1,027687E+2
5,355000	1,027955E+2
5,360000	1,028108E+2
5,365000	1,028108E+2
5,370000	1,027878E+2
5,375000	1,027840E+2
5,380000	1,028044E+2
5,385000	1,027815E+2
5,390000	1,028477E+2
5,395000	1,027764E+2
5,400000	1,028171E+2
5,405000	1,028095E+2
5,410000	1,027738E+2
5,415000	1,027866E+2
5,420000	1,028413E+2
5,425000	1,028197E+2
5,430000	1,027382E+2
5,435000	1,028248E+2
5,440000	1,027840E+2
5,445000	1,027802E+2
5,450000	1,028018E+2
5,455000	1,028108E+2
5,460000	1,028006E+2
5,465000	1,027789E+2
5,470000	1,027980E+2
5,475000	1,028146E+2
5,480000	1,027917E+2
5,485000	1,027929E+2
5,490000	1,027853E+2
5,495000	1,028095E+2
5,500000	1,028184E+2
5,505000	1,027802E+2
5,510000	1,027904E+2
5,515000	1,028018E+2
5,520000	1,027700E+2
5,525000	1,028133E+2
5,530000	1,027929E+2
5,535000	1,027547E+2
5,540000	1,028197E+2
5,545000	1,027840E+2
5,550000	1,027789E+2
5,555000	1,027968E+2
5,560000	1,028184E+2
5,565000	1,028146E+2
5,570000	1,027955E+2
5,575000	1,027777E+2
5,580000	1,027777E+2
5,585000	1,027993E+2
5,590000	1,027993E+2
5,595000	1,027789E+2
5,600000	1,027891E+2
5,605000	1,027866E+2
5,610000	1,027904E+2
5,615000	1,027840E+2
5,620000	1,027968E+2
5,625000	1,027968E+2
5,630000	1,027891E+2
5,635000	1,027904E+2
5,640000	1,027764E+2
5,645000	1,027853E+2
5,650000	1,027764E+2
5,655000	1,027980E+2
5,660000	1,027866E+2
5,665000	1,027713E+2
5,670000	1,027917E+2
5,675000	1,027955E+2
5,680000	1,028031E+2
5,685000	1,027700E+2
5,690000	1,027815E+2
5,695000	1,028031E+2
5,700000	1,027955E+2
5,705000	1,027649E+2
5,710000	1,027853E+2
5,715000	1,027815E+2
5,720000	1,027904E+2
5,725000	1,027955E+2
5,730000	1,027904E+2
5,735000	1,027815E+2
5,740000	1,027955E+2
5,745000	1,027713E+2
5,750000	1,027815E+2
5,755000	1,027866E+2
5,760000	1,027777E+2
5,765000	1,028337E+2
5,770000	1,027280E+2
5,775000	1,028018E+2
5,780000	1,027840E+2
5,785000	1,027751E+2
5,790000	1,027815E+2
5,795000	1,028044E+2
5,800000	1,028120E+2
5,805000	1,027573E+2
5,810000	1,027649E+2
5,815000	1,027853E+2
5,820000	1,028031E+2
5,825000	1,027649E+2
5,830000	1,028069E+2
5,835000	1,027815E+2
5,840000	1,027777E+2
5,845000	1,027917E+2
5,850000	1,027853E+2
5,855000	1,027789E+2
5,860000	1,027917E+2
5,865000	1,027777E+2
5,870000	1,027586E+2
5,875000	1,027751E+2
5,880000	1,028082E+2
5,885000	1,027840E+2
5,890000	1,027764E+2
5,895000	1,027611E+2
5,900000	1,027764E+2
5,905000	1,027929E+2
5,910000	1,027904E+2
5,915000	1,027828E+2
5,920000	1,028006E+2
5,925000	1,027726E+2
5,930000	1,027446E+2
5,935000	1,027993E+2
5,940000	1,028018E+2
5,945000	1,027598E+2
5,950000	1,027611E+2
5,955000	1,027929E+2
5,960000	1,028146E+2
5,965000	1,027522E+2
5,970000	1,027637E+2
5,975000	1,028197E+2
5,980000	1,027586E+2
5,985000	1,028095E+2
5,990000	1,027598E+2
5,995000	1,027726E+2
6,000000	1,028146E+2
6,005000	1,027764E+2
6,010000	1,027675E+2
6,015000	1,027573E+2
6,020000	1,027828E+2
6,025000	1,027904E+2
6,030000	1,027662E+2
6,035000	1,027675E+2
6,040000	1,027789E+2
6,045000	1,027700E+2
6,050000	1,027662E+2
6,055000	1,027764E+2
6,060000	1,027866E+2
6,065000	1,027738E+2
6,070000	1,027598E+2
6,075000	1,027560E+2
6,080000	1,027878E+2
6,085000	1,027917E+2
6,090000	1,027611E+2
6,095000	1,027713E+2
6,100000	1,027815E+2
6,105000	1,027598E+2
6,110000	1,027586E+2
6,115000	1,027675E+2
6,120000	1,027891E+2
6,125000	1,027713E+2
6,130000	1,027751E+2
6,135000	1,027802E+2
6,140000	1,027675E+2
6,145000	1,027764E+2
6,150000	1,027535E+2
6,155000	1,027917E+2
6,160000	1,027878E+2
6,165000	1,027700E+2
6,170000	1,027547E+2
6,175000	1,027738E+2
6,180000	1,027980E+2
6,185000	1,027853E+2
6,190000	1,027637E+2
6,195000	1,027484E+2
6,200000	1,028120E+2
6,205000	1,027738E+2
6,210000	1,027738E+2
6,215000	1,027471E+2
6,220000	1,027891E+2
6,225000	1,027942E+2
6,230000	1,027356E+2
6,235000	1,027535E+2
6,240000	1,028069E+2
6,245000	1,027573E+2
6,250000	1,027624E+2
6,255000	1,027624E+2
6,260000	1,027815E+2
6,265000	1,027929E+2
6,270000	1,027598E+2
6,275000	1,027726E+2
6,280000	1,027738E+2
6,285000	1,027496E+2
6,290000	1,027535E+2
6,295000	1,027700E+2
6,300000	1,027878E+2
6,305000	1,027878E+2
6,310000	1,027573E+2
6,315000	1,027700E+2
6,320000	1,027751E+2
6,325000	1,027764E+2
6,330000	1,027560E+2
6,335000	1,027726E+2
6,340000	1,027700E+2
6,345000	1,027726E+2
6,350000	1,027458E+2
6,355000	1,027878E+2
6,360000	1,027866E+2
6,365000	1,027662E+2
6,370000	1,027624E+2
6,375000	1,027726E+2
6,380000	1,027573E+2
6,385000	1,027496E+2
6,390000	1,027751E+2
6,395000	1,027738E+2
6,400000	1,027420E+2
6,405000	1,028082E+2
6,410000	1,027573E+2
6,415000	1,027484E+2
6,420000	1,027738E+2
6,425000	1,027955E+2
6,430000	1,027229E+2
6,435000	1,027662E+2
6,440000	1,027904E+2
6,445000	1,027700E+2
6,450000	1,027624E+2
6,455000	1,027637E+2
6,460000	1,027878E+2
6,465000	1,027726E+2
6,470000	1,027509E+2
6,475000	1,027687E+2
6,480000	1,027687E+2
6,485000	1,027573E+2
6,490000	1,027547E+2
6,495000	1,027637E+2
6,500000	1,027751E+2
6,505000	1,027853E+2
6,510000	1,027446E+2
6,515000	1,027573E+2
6,520000	1,027853E+2
6,525000	1,027165E+2
6,530000	1,027789E+2
6,535000	1,027751E+2
6,540000	1,027700E+2
6,545000	1,027382E+2
6,550000	1,027675E+2
6,555000	1,027789E+2
6,560000	1,027789E+2
6,565000	1,027560E+2
6,570000	1,027560E+2
6,575000	1,027598E+2
6,580000	1,027751E+2
6,585000	1,027726E+2
6,590000	1,027484E+2
6,595000	1,027649E+2
6,600000	1,027675E+2
6,605000	1,027738E+2
6,610000	1,027675E+2
6,615000	1,027713E+2
6,620000	1,027624E+2
6,625000	1,027318E+2
6,630000	1,027598E+2
6,635000	1,027700E+2
6,640000	1,027878E+2
6,645000	1,027547E+2
6,650000	1,027675E+2
6,655000	1,027560E+2
6,660000	1,027738E+2
6,665000	1,027484E+2
6,670000	1,027484E+2
6,675000	1,027777E+2
6,680000	1,027649E+2
6,685000	1,027471E+2
6,690000	1,027471E+2
6,695000	1,027866E+2
6,700000	1,027764E+2
6,705000	1,027484E+2
6,710000	1,027496E+2
6,715000	1,027611E+2
6,720000	1,028044E+2
6,725000	1,027356E+2
6,730000	1,027471E+2
6,735000	1,027777E+2
6,740000	1,027815E+2
6,745000	1,027649E+2
6,750000	1,027255E+2
6,755000	1,027777E+2
6,760000	1,027395E+2
6,765000	1,027446E+2
6,770000	1,027700E+2
6,775000	1,027420E+2
6,780000	1,027547E+2
6,785000	1,027840E+2
6,790000	1,026911E+2
6,795000	1,027866E+2
6,800000	1,027407E+2
6,805000	1,027522E+2
6,810000	1,027687E+2
6,815000	1,027547E+2
6,820000	1,027637E+2
6,825000	1,027496E+2
6,830000	1,027662E+2
6,835000	1,027637E+2
6,840000	1,027433E+2
6,845000	1,027484E+2
6,850000	1,027496E+2
6,855000	1,027637E+2
6,860000	1,027700E+2
6,865000	1,027496E+2
6,870000	1,027586E+2
6,875000	1,027789E+2
6,880000	1,027522E+2
6,885000	1,027382E+2
6,890000	1,027420E+2
6,895000	1,027713E+2
6,900000	1,027878E+2
6,905000	1,027522E+2
6,910000	1,027420E+2
6,915000	1,027458E+2
6,920000	1,027547E+2
6,925000	1,027547E+2
6,930000	1,027637E+2
6,935000	1,027598E+2
6,940000	1,027560E+2
6,945000	1,027382E+2
6,950000	1,027522E+2
6,955000	1,027853E+2
6,960000	1,027764E+2
6,965000	1,027471E+2
6,970000	1,027586E+2
6,975000	1,027586E+2
6,980000	1,027675E+2
6,985000	1,027509E+2
6,990000	1,027153E+2
6,995000	1,027496E+2
7,000000	1,027573E+2
7,005000	1,027573E+2
7,010000	1,027420E+2
7,015000	1,027904E+2
7,020000	1,027611E+2
7,025000	1,026949E+2
7,030000	1,027726E+2
7,035000	1,027458E+2
7,040000	1,027611E+2
7,045000	1,027356E+2
7,050000	1,027738E+2
7,055000	1,027522E+2
7,060000	1,027675E+2
7,065000	1,027471E+2
7,070000	1,027407E+2
7,075000	1,027675E+2
7,080000	1,027738E+2
7,085000	1,027573E+2
7,090000	1,027395E+2
7,095000	1,027535E+2
7,100000	1,027624E+2
7,105000	1,027662E+2
7,110000	1,027471E+2
7,115000	1,027535E+2
7,120000	1,027433E+2
7,125000	1,027216E+2
7,130000	1,027713E+2
7,135000	1,027522E+2
7,140000	1,027662E+2
7,145000	1,027216E+2
7,150000	1,027789E+2
7,155000	1,027509E+2
7,160000	1,027331E+2
7,165000	1,027407E+2
7,170000	1,027789E+2
7,175000	1,027547E+2
7,180000	1,027433E+2
7,185000	1,027496E+2
7,190000	1,027446E+2
7,195000	1,027637E+2
7,200000	1,027713E+2
7,205000	1,027407E+2
7,210000	1,027344E+2
7,215000	1,027586E+2
7,220000	1,027751E+2
7,225000	1,027522E+2
7,230000	1,027293E+2
7,235000	1,027318E+2
7,240000	1,027777E+2
7,245000	1,027407E+2
7,250000	1,027242E+2
7,255000	1,027446E+2
7,260000	1,027815E+2
7,265000	1,027280E+2
7,270000	1,027293E+2
7,275000	1,027509E+2
7,280000	1,027700E+2
7,285000	1,027573E+2
7,290000	1,027446E+2
7,295000	1,027433E+2
7,300000	1,027509E+2
7,305000	1,027713E+2
7,310000	1,027535E+2
7,315000	1,027509E+2
7,320000	1,027356E+2
7,325000	1,027496E+2
7,330000	1,027624E+2
7,335000	1,027586E+2
7,340000	1,027382E+2
7,345000	1,027573E+2
7,350000	1,027433E+2
7,355000	1,027700E+2
7,360000	1,027637E+2
7,365000	1,027318E+2
7,370000	1,027356E+2
7,375000	1,027484E+2
7,380000	1,027586E+2
7,385000	1,027586E+2
7,390000	1,027114E+2
7,395000	1,027828E+2
7,400000	1,027356E+2
7,405000	1,027395E+2
7,410000	1,027637E+2
7,415000	1,027356E+2
7,420000	1,027611E+2
7,425000	1,027637E+2
7,430000	1,027407E+2
7,435000	1,027547E+2
7,440000	1,027560E+2
7,445000	1,027395E+2
7,450000	1,027446E+2
7,455000	1,027751E+2
7,460000	1,027535E+2
7,465000	1,027305E+2
7,470000	1,027242E+2
7,475000	1,027535E+2
7,480000	1,027738E+2
7,485000	1,027586E+2
7,490000	1,027293E+2
7,495000	1,027458E+2
7,500000	1,027649E+2
7,505000	1,027395E+2
7,510000	1,027535E+2
7,515000	1,027267E+2
7,520000	1,027331E+2
7,525000	1,027395E+2
7,530000	1,027369E+2
7,535000	1,027662E+2
7,540000	1,027649E+2
7,545000	1,027293E+2
7,550000	1,027382E+2
7,555000	1,027522E+2
7,560000	1,027369E+2
7,565000	1,027407E+2
7,570000	1,027433E+2
7,575000	1,027726E+2
7,580000	1,027535E+2
7,585000	1,027293E+2
7,590000	1,027293E+2
7,595000	1,027407E+2
7,600000	1,027853E+2
7,605000	1,027496E+2
7,610000	1,027216E+2
7,615000	1,027637E+2
7,620000	1,027611E+2
7,625000	1,027369E+2
7,630000	1,027420E+2
7,635000	1,027433E+2
7,640000	1,027356E+2
7,645000	1,027395E+2
7,650000	1,027280E+2
7,655000	1,027560E+2
7,660000	1,027305E+2
7,665000	1,027025E+2
7,670000	1,027611E+2
7,675000	1,027624E+2
7,680000	1,027204E+2
7,685000	1,027293E+2
7,690000	1,027509E+2
7,695000	1,027637E+2
7,700000	1,027038E+2
7,705000	1,027356E+2
7,710000	1,027560E+2
7,715000	1,027446E+2
7,720000	1,027369E+2
7,725000	1,027242E+2
7,730000	1,027611E+2
7,735000	1,027433E+2
7,740000	1,027407E+2
7,745000	1,027280E+2
7,750000	1,027509E+2
7,755000	1,027598E+2
7,760000	1,027395E+2
7,765000	1,027216E+2
7,770000	1,027229E+2
7,775000	1,027662E+2
7,780000	1,027382E+2
7,785000	1,027420E+2
7,790000	1,026911E+2
7,795000	1,027522E+2
7,800000	1,027458E+2
7,805000	1,027318E+2
7,810000	1,027318E+2
7,815000	1,027420E+2
7,820000	1,027446E+2
7,825000	1,027331E+2
7,830000	1,027267E+2
7,835000	1,027649E+2
7,840000	1,027611E+2
7,845000	1,027305E+2
7,850000	1,027344E+2
7,855000	1,027484E+2
7,860000	1,027318E+2
7,865000	1,027331E+2
7,870000	1,027560E+2
7,875000	1,027547E+2
7,880000	1,027395E+2
7,885000	1,027331E+2
7,890000	1,027395E+2
7,895000	1,027535E+2
7,900000	1,027382E+2
7,905000	1,027255E+2
7,910000	1,027178E+2
7,915000	1,027420E+2
7,920000	1,027420E+2
7,925000	1,027331E+2
7,930000	1,027255E+2
7,935000	1,027446E+2
7,940000	1,027547E+2
7,945000	1,027344E+2
7,950000	1,027216E+2
7,955000	1,027471E+2
7,960000	1,027395E+2
7,965000	1,027178E+2
7,970000	1,027267E+2
7,975000	1,027471E+2
7,980000	1,027509E+2
7,985000	1,027344E+2
7,990000	1,027204E+2
7,995000	1,027293E+2
8,000000	1,027420E+2
8,005000	1,027433E+2
8,010000	1,027446E+2
8,015000	1,027598E+2
8,020000	1,027446E+2
8,025000	1,027293E+2
8,030000	1,027395E+2
8,035000	1,027280E+2
8,040000	1,027369E+2
8,045000	1,027458E+2
8,050000	1,027242E+2
8,055000	1,027369E+2
8,060000	1,027471E+2
8,065000	1,027496E+2
8,070000	1,027280E+2
8,075000	1,027547E+2
8,080000	1,027446E+2
8,085000	1,027216E+2
8,090000	1,027318E+2
8,095000	1,027446E+2
8,100000	1,027433E+2
8,105000	1,027204E+2
8,110000	1,027280E+2
8,115000	1,027509E+2
8,120000	1,027433E+2
8,125000	1,027204E+2
8,130000	1,027280E+2
8,135000	1,027535E+2
8,140000	1,027458E+2
8,145000	1,027255E+2
8,150000	1,027318E+2
8,155000	1,027280E+2
8,160000	1,027267E+2
8,165000	1,027255E+2
8,170000	1,027356E+2
8,175000	1,027878E+2
8,180000	1,027395E+2
8,185000	1,027114E+2
8,190000	1,027153E+2
8,195000	1,027509E+2
8,200000	1,027484E+2
8,205000	1,027267E+2
8,210000	1,027216E+2
8,215000	1,027382E+2
8,220000	1,027255E+2
8,225000	1,027114E+2
8,230000	1,027280E+2
8,235000	1,027420E+2
8,240000	1,027446E+2
8,245000	1,027407E+2
8,250000	1,027242E+2
8,255000	1,027509E+2
8,260000	1,027471E+2
8,265000	1,027229E+2
8,270000	1,027305E+2
8,275000	1,027420E+2
8,280000	1,027356E+2
8,285000	1,027191E+2
8,290000	1,027471E+2
8,295000	1,027395E+2
8,300000	1,027229E+2
8,305000	1,027216E+2
8,310000	1,027344E+2
8,315000	1,027433E+2
8,320000	1,027242E+2
8,325000	1,027178E+2
8,330000	1,027369E+2
8,335000	1,027560E+2
8,340000	1,027471E+2
8,345000	1,027140E+2
8,350000	1,027369E+2
8,355000	1,027420E+2
8,360000	1,027471E+2
8,365000	1,027318E+2
8,370000	1,027216E+2
8,375000	1,027369E+2
8,380000	1,027280E+2
8,385000	1,027191E+2
8,390000	1,027153E+2
8,395000	1,027433E+2
8,400000	1,027293E+2
8,405000	1,027255E+2
8,410000	1,027255E+2
8,415000	1,027458E+2
8,420000	1,027433E+2
8,425000	1,027153E+2
8,430000	1,027102E+2
8,435000	1,027407E+2
8,440000	1,027331E+2
8,445000	1,027038E+2
8,450000	1,027229E+2
8,455000	1,027446E+2
8,460000	1,027369E+2
8,465000	1,027127E+2
8,470000	1,027305E+2
8,475000	1,027280E+2
8,480000	1,027178E+2
8,485000	1,027547E+2
8,490000	1,027140E+2
8,495000	1,027395E+2
8,500000	1,027216E+2
8,505000	1,027216E+2
8,510000	1,027242E+2
8,515000	1,027356E+2
8,520000	1,027280E+2
8,525000	1,027089E+2
8,530000	1,027165E+2
8,535000	1,027535E+2
8,540000	1,027280E+2
8,545000	1,027305E+2
8,550000	1,027267E+2
8,555000	1,027369E+2
8,560000	1,027293E+2
8,565000	1,027178E+2
8,570000	1,027229E+2
8,575000	1,027318E+2
8,580000	1,027229E+2
8,585000	1,027331E+2
8,590000	1,027178E+2
8,595000	1,027509E+2
8,600000	1,027242E+2
8,605000	1,027216E+2
8,610000	1,027165E+2
8,615000	1,027267E+2
8,620000	1,027356E+2
8,625000	1,027318E+2
8,630000	1,027204E+2
8,635000	1,027305E+2
8,640000	1,027229E+2
8,645000	1,027204E+2
8,650000	1,027305E+2
8,655000	1,027407E+2
8,660000	1,027178E+2
8,665000	1,027051E+2
8,670000	1,027191E+2
8,675000	1,027395E+2
8,680000	1,027331E+2
8,685000	1,027216E+2
8,690000	1,027242E+2
8,695000	1,027344E+2
8,700000	1,027267E+2
8,705000	1,027064E+2
8,710000	1,027191E+2
8,715000	1,027382E+2
8,720000	1,027267E+2
8,725000	1,027255E+2
8,730000	1,027204E+2
8,735000	1,027484E+2
8,740000	1,027407E+2
8,745000	1,027216E+2
8,750000	1,027242E+2
8,755000	1,027089E+2
8,760000	1,027242E+2
8,765000	1,027076E+2
8,770000	1,027191E+2
8,775000	1,027407E+2
8,780000	1,027242E+2
8,785000	1,027280E+2
8,790000	1,027293E+2
8,795000	1,027356E+2
8,800000	1,027293E+2
8,805000	1,027102E+2
8,810000	1,027229E+2
8,815000	1,027356E+2
8,820000	1,027229E+2
8,825000	1,027229E+2
8,830000	1,027420E+2
8,835000	1,027331E+2
8,840000	1,027293E+2
8,845000	1,027204E+2
8,850000	1,027165E+2
8,855000	1,027407E+2
8,860000	1,027255E+2
8,865000	1,027089E+2
8,870000	1,027127E+2
8,875000	1,027242E+2
8,880000	1,027305E+2
8,885000	1,027114E+2
8,890000	1,027242E+2
8,895000	1,027446E+2
8,900000	1,027318E+2
8,905000	1,027102E+2
8,910000	1,027089E+2
8,915000	1,027293E+2
8,920000	1,027165E+2
8,925000	1,027255E+2
8,930000	1,027369E+2
8,935000	1,027255E+2
8,940000	1,027305E+2
8,945000	1,027102E+2
8,950000	1,027153E+2
8,955000	1,027178E+2
8,960000	1,027127E+2
8,965000	1,027178E+2
8,970000	1,027293E+2
8,975000	1,027267E+2
8,980000	1,027369E+2
8,985000	1,026911E+2
8,990000	1,027127E+2
8,995000	1,027624E+2
9,000000	1,026987E+2
9,005000	1,027382E+2
9,010000	1,027280E+2
9,015000	1,027318E+2
9,020000	1,027344E+2
9,025000	1,027204E+2
9,030000	1,027255E+2
9,035000	1,027127E+2
9,040000	1,027178E+2
9,045000	1,027114E+2
9,050000	1,027344E+2
9,055000	1,027267E+2
9,060000	1,027242E+2
9,065000	1,027178E+2
9,070000	1,027242E+2
9,075000	1,027255E+2
9,080000	1,027318E+2
9,085000	1,027267E+2
9,090000	1,027229E+2
9,095000	1,027318E+2
9,100000	1,027216E+2
9,105000	1,027064E+2
9,110000	1,027153E+2
9,115000	1,027216E+2
9,120000	1,027127E+2
9,125000	1,027038E+2
9,130000	1,027242E+2
9,135000	1,027407E+2
9,140000	1,027204E+2
9,145000	1,027229E+2
9,150000	1,027242E+2
9,155000	1,027369E+2
9,160000	1,027165E+2
9,165000	1,027051E+2
9,170000	1,027127E+2
9,175000	1,027382E+2
9,180000	1,027293E+2
9,185000	1,027229E+2
9,190000	1,027242E+2
9,195000	1,027267E+2
9,200000	1,027255E+2
9,205000	1,027153E+2
9,210000	1,027114E+2
9,215000	1,027242E+2
9,220000	1,027242E+2
9,225000	1,027051E+2
9,230000	1,027204E+2
9,235000	1,027242E+2
9,240000	1,027318E+2
9,245000	1,027114E+2
9,250000	1,027344E+2
9,255000	1,027344E+2
9,260000	1,027267E+2
9,265000	1,026949E+2
9,270000	1,027255E+2
9,275000	1,027369E+2
9,280000	1,027178E+2
9,285000	1,027000E+2
9,290000	1,027089E+2
9,295000	1,027293E+2
9,300000	1,027255E+2
9,305000	1,027000E+2
9,310000	1,027127E+2
9,315000	1,027242E+2
9,320000	1,027076E+2
9,325000	1,027140E+2
9,330000	1,027076E+2
9,335000	1,027305E+2
9,340000	1,027114E+2
9,345000	1,027216E+2
9,350000	1,027153E+2
9,355000	1,027331E+2
9,360000	1,027114E+2
9,365000	1,027038E+2
9,370000	1,027204E+2
9,375000	1,027305E+2
9,380000	1,027064E+2
9,385000	1,027000E+2
9,390000	1,027114E+2
9,395000	1,027153E+2
9,400000	1,027102E+2
9,405000	1,027165E+2
9,410000	1,027178E+2
9,415000	1,027178E+2
9,420000	1,027051E+2
9,425000	1,027165E+2
9,430000	1,027369E+2
9,435000	1,027420E+2
9,440000	1,027140E+2
9,445000	1,027000E+2
9,450000	1,027064E+2
9,455000	1,027293E+2
9,460000	1,027178E+2
9,465000	1,027280E+2
9,470000	1,027331E+2
9,475000	1,026771E+2
9,480000	1,027204E+2
9,485000	1,027547E+2
9,490000	1,027114E+2
9,495000	1,027293E+2
9,500000	1,027000E+2
9,505000	1,027000E+2
9,510000	1,027102E+2
9,515000	1,027165E+2
9,520000	1,027089E+2
9,525000	1,027051E+2
9,530000	1,027165E+2
9,535000	1,027293E+2
9,540000	1,027204E+2
9,545000	1,027216E+2
9,550000	1,027153E+2
9,555000	1,027344E+2
9,560000	1,027255E+2
9,565000	1,027013E+2
9,570000	1,027013E+2
9,575000	1,027191E+2
9,580000	1,027255E+2
9,585000	1,027165E+2
9,590000	1,027165E+2
9,595000	1,027191E+2
9,600000	1,027242E+2
9,605000	1,026949E+2
9,610000	1,027127E+2
9,615000	1,027331E+2
9,620000	1,027255E+2
9,625000	1,027013E+2
9,630000	1,027242E+2
9,635000	1,027280E+2
9,640000	1,027089E+2
9,645000	1,027013E+2
9,650000	1,027114E+2
9,655000	1,027013E+2
9,660000	1,027420E+2
9,665000	1,026962E+2
9,670000	1,027229E+2
9,675000	1,027216E+2
9,680000	1,027064E+2
9,685000	1,026936E+2
9,690000	1,027178E+2
9,695000	1,027165E+2
9,700000	1,027140E+2
9,705000	1,027191E+2
9,710000	1,027165E+2
9,715000	1,027204E+2
9,720000	1,026987E+2
9,725000	1,027165E+2
9,730000	1,027165E+2
9,735000	1,027242E+2
9,740000	1,027305E+2
9,745000	1,027165E+2
9,750000	1,027178E+2
9,755000	1,027267E+2
9,760000	1,026873E+2
9,765000	1,027522E+2
9,770000	1,026809E+2
9,775000	1,027586E+2
9,780000	1,027089E+2
9,785000	1,027000E+2
9,790000	1,027242E+2
9,795000	1,027191E+2
9,800000	1,027165E+2
9,805000	1,026974E+2
9,810000	1,027267E+2
9,815000	1,027242E+2
9,820000	1,027127E+2
9,825000	1,027051E+2
9,830000	1,027216E+2
9,835000	1,026949E+2
9,840000	1,027318E+2
9,845000	1,026987E+2
9,850000	1,027191E+2
9,855000	1,027153E+2
9,860000	1,026987E+2
9,865000	1,027165E+2
9,870000	1,027229E+2
9,875000	1,027165E+2
9,880000	1,027038E+2
9,885000	1,027064E+2
9,890000	1,027114E+2
9,895000	1,027242E+2
9,900000	1,027165E+2
9,905000	1,027127E+2
9,910000	1,027140E+2
9,915000	1,027229E+2
9,920000	1,027038E+2
9,925000	1,027013E+2
9,930000	1,027127E+2
9,935000	1,027140E+2
9,940000	1,027089E+2
9,945000	1,027255E+2
9,950000	1,027102E+2
9,955000	1,027076E+2
9,960000	1,027165E+2
9,965000	1,027013E+2
9,970000	1,027165E+2
9,975000	1,027038E+2
9,980000	1,027064E+2
9,985000	1,027318E+2
9,990000	1,027127E+2
9,995000	1,027140E+2
10,000000	1,027204E+2
10,005000	1,027114E+2
10,010000	1,027127E+2
10,015000	1,027140E+2
10,020000	1,027064E+2
10,025000	1,026923E+2
10,030000	1,027255E+2
10,035000	1,027127E+2
10,040000	1,027127E+2
10,045000	1,027178E+2
10,050000	1,027038E+2
10,055000	1,027420E+2
10,060000	1,026860E+2
10,065000	1,026923E+2
10,070000	1,027318E+2
10,075000	1,027178E+2
10,080000	1,027038E+2
10,085000	1,026974E+2
10,090000	1,027446E+2
10,095000	1,027102E+2
10,100000	1,026987E+2
10,105000	1,026949E+2
10,110000	1,027051E+2
10,115000	1,027611E+2
10,120000	1,027102E+2
10,125000	1,027114E+2
10,130000	1,027127E+2
10,135000	1,027102E+2
10,140000	1,027165E+2
10,145000	1,027178E+2
10,150000	1,027255E+2
10,155000	1,027242E+2
10,160000	1,027025E+2
10,165000	1,027140E+2
10,170000	1,027051E+2
10,175000	1,026898E+2
10,180000	1,027127E+2
10,185000	1,027127E+2
10,190000	1,027140E+2
10,195000	1,027127E+2
10,200000	1,026936E+2
10,205000	1,027293E+2
10,210000	1,027153E+2
10,215000	1,027153E+2
10,220000	1,026936E+2
10,225000	1,027051E+2
10,230000	1,027344E+2
10,235000	1,027089E+2
10,240000	1,026923E+2
10,245000	1,027102E+2
10,250000	1,027305E+2
10,255000	1,027127E+2
10,260000	1,026822E+2
10,265000	1,027038E+2
10,270000	1,027165E+2
10,275000	1,027127E+2
10,280000	1,027102E+2
10,285000	1,027064E+2
10,290000	1,027051E+2
10,295000	1,027153E+2
10,300000	1,026987E+2
10,305000	1,027025E+2
10,310000	1,027064E+2
10,315000	1,027102E+2
10,320000	1,027140E+2
10,325000	1,027013E+2
10,330000	1,027204E+2
10,335000	1,027127E+2
10,340000	1,027153E+2
10,345000	1,027127E+2
10,350000	1,027127E+2
10,355000	1,027013E+2
10,360000	1,026847E+2
10,365000	1,026809E+2
10,370000	1,027433E+2
10,375000	1,027216E+2
10,380000	1,027013E+2
10,385000	1,026936E+2
10,390000	1,027051E+2
10,395000	1,027191E+2
10,400000	1,026936E+2
10,405000	1,026974E+2
10,410000	1,027305E+2
10,415000	1,027242E+2
10,420000	1,027013E+2
10,425000	1,027114E+2
10,430000	1,027191E+2
10,435000	1,027165E+2
10,440000	1,026987E+2
10,445000	1,026974E+2
10,450000	1,027089E+2
10,455000	1,027204E+2
10,460000	1,027051E+2
10,465000	1,027089E+2
10,470000	1,027356E+2
10,475000	1,027153E+2
10,480000	1,026898E+2
10,485000	1,027038E+2
10,490000	1,027255E+2
10,495000	1,026682E+2
10,500000	1,026873E+2
10,505000	1,027064E+2
10,510000	1,027178E+2
10,515000	1,027229E+2
10,520000	1,026974E+2
10,525000	1,026987E+2
10,530000	1,027089E+2
10,535000	1,027598E+2
10,540000	1,026873E+2
10,545000	1,026949E+2
10,550000	1,027229E+2
10,555000	1,027127E+2
10,560000	1,027038E+2
10,565000	1,027127E+2
10,570000	1,027165E+2
10,575000	1,027038E+2
10,580000	1,027013E+2
10,585000	1,026923E+2
10,590000	1,027331E+2
10,595000	1,027191E+2
10,600000	1,026707E+2
10,605000	1,027471E+2
10,610000	1,026898E+2
10,615000	1,027293E+2
10,620000	1,026962E+2
10,625000	1,027064E+2
10,630000	1,027127E+2
10,635000	1,027165E+2
10,640000	1,027114E+2
10,645000	1,027165E+2
10,650000	1,027089E+2
10,655000	1,027051E+2
10,660000	1,027064E+2
10,665000	1,026911E+2
10,670000	1,027153E+2
10,675000	1,027191E+2
10,680000	1,026987E+2
10,685000	1,027013E+2
10,690000	1,027102E+2
10,695000	1,027076E+2
10,700000	1,027076E+2
10,705000	1,026974E+2
10,710000	1,027191E+2
10,715000	1,027038E+2
10,720000	1,026974E+2
10,725000	1,026974E+2
10,730000	1,027064E+2
10,735000	1,027255E+2
10,740000	1,027038E+2
10,745000	1,026962E+2
10,750000	1,027076E+2
10,755000	1,027025E+2
10,760000	1,026923E+2
10,765000	1,027382E+2
10,770000	1,026898E+2
10,775000	1,027114E+2
10,780000	1,027051E+2
10,785000	1,026873E+2
10,790000	1,027051E+2
10,795000	1,027000E+2
10,800000	1,027153E+2
10,805000	1,027000E+2
10,810000	1,027204E+2
10,815000	1,027076E+2
10,820000	1,026974E+2
10,825000	1,026898E+2
10,830000	1,026974E+2
10,835000	1,027216E+2
10,840000	1,027114E+2
10,845000	1,026898E+2
10,850000	1,027025E+2
10,855000	1,027216E+2
10,860000	1,027038E+2
10,865000	1,026987E+2
10,870000	1,026962E+2
10,875000	1,026987E+2
10,880000	1,026949E+2
10,885000	1,027140E+2
10,890000	1,027191E+2
10,895000	1,026771E+2
10,900000	1,027318E+2
10,905000	1,027025E+2
10,910000	1,027064E+2
10,915000	1,026974E+2
10,920000	1,026885E+2
10,925000	1,026962E+2
10,930000	1,027114E+2
10,935000	1,027216E+2
10,940000	1,026809E+2
10,945000	1,026758E+2
10,950000	1,027000E+2
10,955000	1,027204E+2
10,960000	1,026949E+2
10,965000	1,026885E+2
10,970000	1,027114E+2
10,975000	1,027140E+2
10,980000	1,027216E+2
10,985000	1,026885E+2
10,990000	1,027102E+2
10,995000	1,027076E+2
11,000000	1,026758E+2
11,005000	1,026923E+2
11,010000	1,027229E+2
11,015000	1,027255E+2
11,020000	1,027127E+2
11,025000	1,026885E+2
11,030000	1,026923E+2
11,035000	1,026911E+2
11,040000	1,026923E+2
11,045000	1,027013E+2
11,050000	1,027153E+2
11,055000	1,027178E+2
11,060000	1,026834E+2
11,065000	1,026987E+2
11,070000	1,027064E+2
11,075000	1,027216E+2
11,080000	1,027127E+2
11,085000	1,026962E+2
11,090000	1,027000E+2
11,095000	1,026949E+2
11,100000	1,026898E+2
11,105000	1,026936E+2
11,110000	1,027178E+2
11,115000	1,027114E+2
11,120000	1,026860E+2
11,125000	1,026987E+2
11,130000	1,026885E+2
11,135000	1,027280E+2
11,140000	1,026758E+2
11,145000	1,026974E+2
11,150000	1,026949E+2
11,155000	1,026962E+2
11,160000	1,026974E+2
11,165000	1,026949E+2
11,170000	1,027216E+2
11,175000	1,027293E+2
11,180000	1,026809E+2
11,185000	1,026962E+2
11,190000	1,027153E+2
11,195000	1,027025E+2
11,200000	1,026860E+2
11,205000	1,026898E+2
11,210000	1,027013E+2
11,215000	1,027013E+2
11,220000	1,026987E+2
11,225000	1,027191E+2
11,230000	1,027102E+2
11,235000	1,027165E+2
11,240000	1,026860E+2
11,245000	1,026809E+2
11,250000	1,027165E+2
11,255000	1,026949E+2
11,260000	1,026962E+2
11,265000	1,027102E+2
11,270000	1,027025E+2
11,275000	1,027051E+2
11,280000	1,027000E+2
11,285000	1,027038E+2
11,290000	1,026847E+2
11,295000	1,027344E+2
11,300000	1,026898E+2
11,305000	1,027000E+2
11,310000	1,027127E+2
11,315000	1,027025E+2
11,320000	1,027038E+2
11,325000	1,027000E+2
11,330000	1,027114E+2
11,335000	1,027000E+2
11,340000	1,026847E+2
11,345000	1,026987E+2
11,350000	1,027140E+2
11,355000	1,026987E+2
11,360000	1,026911E+2
11,365000	1,026707E+2
11,370000	1,027038E+2
11,375000	1,026987E+2
11,380000	1,026974E+2
11,385000	1,026962E+2
11,390000	1,027305E+2
11,395000	1,027000E+2
11,400000	1,026923E+2
11,405000	1,026885E+2
11,410000	1,026987E+2
11,415000	1,027025E+2
11,420000	1,026923E+2
11,425000	1,027051E+2
11,430000	1,027165E+2
11,435000	1,026796E+2
11,440000	1,027038E+2
11,445000	1,027114E+2
11,450000	1,027000E+2
11,455000	1,027038E+2
11,460000	1,026962E+2
11,465000	1,027089E+2
11,470000	1,027165E+2
11,475000	1,027051E+2
11,480000	1,026987E+2
11,485000	1,026974E+2
11,490000	1,027064E+2
11,495000	1,027089E+2
11,500000	1,026834E+2
11,505000	1,026936E+2
11,510000	1,027038E+2
11,515000	1,026974E+2
11,520000	1,027140E+2
11,525000	1,027025E+2
11,530000	1,027102E+2
11,535000	1,027000E+2
11,540000	1,027025E+2
11,545000	1,026822E+2
11,550000	1,026809E+2
11,555000	1,026974E+2
11,560000	1,026847E+2
11,565000	1,027191E+2
11,570000	1,027178E+2
11,575000	1,026911E+2
11,580000	1,027395E+2
11,585000	1,027038E+2
11,590000	1,027076E+2
11,595000	1,026873E+2
11,600000	1,026898E+2
11,605000	1,027089E+2
11,610000	1,027178E+2
11,615000	1,026923E+2
11,620000	1,026822E+2
11,625000	1,027216E+2
11,630000	1,027242E+2
11,635000	1,027076E+2
11,640000	1,026885E+2
11,645000	1,026885E+2
11,650000	1,027051E+2
11,655000	1,027178E+2
11,660000	1,027114E+2
11,665000	1,027013E+2
11,670000	1,027076E+2
11,675000	1,027051E+2
11,680000	1,026758E+2
11,685000	1,026936E+2
11,690000	1,027064E+2
11,695000	1,027025E+2
11,700000	1,027051E+2
11,705000	1,027102E+2
11,710000	1,027153E+2
11,715000	1,026923E+2
11,720000	1,026733E+2
11,725000	1,026834E+2
11,730000	1,027114E+2
11,735000	1,027280E+2
11,740000	1,026478E+2
11,745000	1,027064E+2
11,750000	1,027204E+2
11,755000	1,027089E+2
11,760000	1,026911E+2
11,765000	1,026796E+2
11,770000	1,027064E+2
11,775000	1,027064E+2
11,780000	1,027064E+2
11,785000	1,027114E+2
11,790000	1,026949E+2
11,795000	1,027013E+2
11,800000	1,027127E+2
11,805000	1,026847E+2
11,810000	1,026962E+2
11,815000	1,026860E+2
11,820000	1,026847E+2
11,825000	1,027102E+2
11,830000	1,027127E+2
11,835000	1,027102E+2
11,840000	1,026809E+2
11,845000	1,027051E+2
11,850000	1,027165E+2
11,855000	1,026962E+2
11,860000	1,026949E+2
11,865000	1,027013E+2
11,870000	1,027051E+2
11,875000	1,026949E+2
11,880000	1,026936E+2
11,885000	1,027013E+2
11,890000	1,027038E+2
11,895000	1,026834E+2
11,900000	1,026923E+2
11,905000	1,026949E+2
11,910000	1,026949E+2
11,915000	1,027051E+2
11,920000	1,026834E+2
11,925000	1,027013E+2
11,930000	1,027089E+2
11,935000	1,027013E+2
11,940000	1,026873E+2
11,945000	1,027165E+2
11,950000	1,027127E+2
11,955000	1,026936E+2
11,960000	1,026885E+2
11,965000	1,026783E+2
11,970000	1,026898E+2
11,975000	1,027038E+2
11,980000	1,026847E+2
11,985000	1,027013E+2
11,990000	1,027051E+2
11,995000	1,027013E+2
12,000000	1,026822E+2
12,005000	1,026987E+2
12,010000	1,027114E+2
12,015000	1,026949E+2
12,020000	1,026936E+2
12,025000	1,026783E+2
12,030000	1,026962E+2
12,035000	1,026898E+2
12,040000	1,026745E+2
12,045000	1,026987E+2
12,050000	1,027140E+2
12,055000	1,027089E+2
12,060000	1,026796E+2
12,065000	1,026834E+2
12,070000	1,026987E+2
12,075000	1,026936E+2
12,080000	1,026936E+2
12,085000	1,027000E+2
12,090000	1,027000E+2
12,095000	1,027114E+2
12,100000	1,026885E+2
12,105000	1,026987E+2
12,110000	1,027038E+2
12,115000	1,026834E+2
12,120000	1,026758E+2
12,125000	1,027064E+2
12,130000	1,027242E+2
12,135000	1,026962E+2
12,140000	1,026873E+2
12,145000	1,026822E+2
12,150000	1,027013E+2
12,155000	1,026962E+2
12,160000	1,026936E+2
12,165000	1,026974E+2
12,170000	1,027076E+2

