date/time: ,04/07/2024,07:52 p.m.
Run 1

time	(KPA)
0,000000	1,016737E+2
0,005000	1,016814E+2
0,010000	1,016559E+2
0,015000	1,016699E+2
0,020000	1,016865E+2
0,025000	1,016636E+2
0,030000	1,016546E+2
0,035000	1,016686E+2
0,040000	1,017170E+2
0,045000	1,016776E+2
0,050000	1,016330E+2
0,055000	1,016801E+2
0,060000	1,016928E+2
0,065000	1,016674E+2
0,070000	1,016572E+2
0,075000	1,016495E+2
0,080000	1,016865E+2
0,085000	1,016788E+2
0,090000	1,016814E+2
0,095000	1,016636E+2
0,100000	1,016737E+2
0,105000	1,016750E+2
0,110000	1,016712E+2
0,115000	1,016814E+2
0,120000	1,016750E+2
0,125000	1,016801E+2
0,130000	1,016674E+2
0,135000	1,016737E+2
0,140000	1,016954E+2
0,145000	1,016737E+2
0,150000	1,016725E+2
0,155000	1,016750E+2
0,160000	1,016788E+2
0,165000	1,016814E+2
0,170000	1,016610E+2
0,175000	1,016686E+2
0,180000	1,016737E+2
0,185000	1,016725E+2
0,190000	1,016559E+2
0,195000	1,016814E+2
0,200000	1,016992E+2
0,205000	1,016941E+2
0,210000	1,016508E+2
0,215000	1,016648E+2
0,220000	1,016890E+2
0,225000	1,016992E+2
0,230000	1,016699E+2
0,235000	1,016483E+2
0,240000	1,017030E+2
0,245000	1,016686E+2
0,250000	1,016394E+2
0,255000	1,016814E+2
0,260000	1,017056E+2
0,265000	1,016355E+2
0,270000	1,016839E+2
0,275000	1,016636E+2
0,280000	1,016725E+2
0,285000	1,016941E+2
0,290000	1,016432E+2
0,295000	1,016725E+2
0,300000	1,016992E+2
0,305000	1,016788E+2
0,310000	1,016432E+2
0,315000	1,017043E+2
0,320000	1,016801E+2
0,325000	1,016546E+2
0,330000	1,016903E+2
0,335000	1,016903E+2
0,340000	1,016483E+2
0,345000	1,016750E+2
0,350000	1,016559E+2
0,355000	1,016967E+2
0,360000	1,016928E+2
0,365000	1,016483E+2
0,370000	1,016495E+2
0,375000	1,016776E+2
0,380000	1,016750E+2
0,385000	1,017208E+2
0,390000	1,016343E+2
0,395000	1,016686E+2
0,400000	1,016776E+2
0,405000	1,017030E+2
0,410000	1,016648E+2
0,415000	1,016457E+2
0,420000	1,016801E+2
0,425000	1,016826E+2
0,430000	1,016763E+2
0,435000	1,016712E+2
0,440000	1,016636E+2
0,445000	1,016954E+2
0,450000	1,016674E+2
0,455000	1,016801E+2
0,460000	1,016546E+2
0,465000	1,016712E+2
0,470000	1,016661E+2
0,475000	1,016890E+2
0,480000	1,016852E+2
0,485000	1,016712E+2
0,490000	1,016661E+2
0,495000	1,016686E+2
0,500000	1,016725E+2
0,505000	1,016826E+2
0,510000	1,016661E+2
0,515000	1,016750E+2
0,520000	1,016877E+2
0,525000	1,016826E+2
0,530000	1,016457E+2
0,535000	1,016699E+2
0,540000	1,016979E+2
0,545000	1,016776E+2
0,550000	1,016495E+2
0,555000	1,016699E+2
0,560000	1,017158E+2
0,565000	1,016457E+2
0,570000	1,016623E+2
0,575000	1,016865E+2
0,580000	1,016750E+2
0,585000	1,016432E+2
0,590000	1,016699E+2
0,595000	1,016954E+2
0,600000	1,016763E+2
0,605000	1,016661E+2
0,610000	1,016826E+2
0,615000	1,016661E+2
0,620000	1,016661E+2
0,625000	1,016725E+2
0,630000	1,016737E+2
0,635000	1,016712E+2
0,640000	1,016648E+2
0,645000	1,016916E+2
0,650000	1,016725E+2
0,655000	1,016725E+2
0,660000	1,016597E+2
0,665000	1,016559E+2
0,670000	1,016648E+2
0,675000	1,016776E+2
0,680000	1,017081E+2
0,685000	1,016776E+2
0,690000	1,016419E+2
0,695000	1,016712E+2
0,700000	1,016954E+2
0,705000	1,016699E+2
0,710000	1,016521E+2
0,715000	1,016712E+2
0,720000	1,016814E+2
0,725000	1,016674E+2
0,730000	1,016674E+2
0,735000	1,016788E+2
0,740000	1,016725E+2
0,745000	1,016661E+2
0,750000	1,016674E+2
0,755000	1,016776E+2
0,760000	1,016890E+2
0,765000	1,016585E+2
0,770000	1,016597E+2
0,775000	1,016674E+2
0,780000	1,016737E+2
0,785000	1,016788E+2
0,790000	1,016712E+2
0,795000	1,016763E+2
0,800000	1,016737E+2
0,805000	1,016623E+2
0,810000	1,016572E+2
0,815000	1,016826E+2
0,820000	1,016877E+2
0,825000	1,016699E+2
0,830000	1,016737E+2
0,835000	1,016788E+2
0,840000	1,016597E+2
0,845000	1,016801E+2
0,850000	1,016661E+2
0,855000	1,016725E+2
0,860000	1,016826E+2
0,865000	1,016712E+2
0,870000	1,016636E+2
0,875000	1,016737E+2
0,880000	1,016788E+2
0,885000	1,016699E+2
0,890000	1,016623E+2
0,895000	1,016686E+2
0,900000	1,016725E+2
0,905000	1,016763E+2
0,910000	1,016712E+2
0,915000	1,016852E+2
0,920000	1,016890E+2
0,925000	1,016699E+2
0,930000	1,016559E+2
0,935000	1,016699E+2
0,940000	1,016776E+2
0,945000	1,016674E+2
0,950000	1,016636E+2
0,955000	1,016890E+2
0,960000	1,016636E+2
0,965000	1,016610E+2
0,970000	1,016636E+2
0,975000	1,016954E+2
0,980000	1,016903E+2
0,985000	1,016623E+2
0,990000	1,016394E+2
0,995000	1,016674E+2
1,000000	1,016979E+2
1,005000	1,016737E+2
1,010000	1,016636E+2
1,015000	1,016776E+2
1,020000	1,016699E+2
1,025000	1,016737E+2
1,030000	1,016636E+2
1,035000	1,016763E+2
1,040000	1,016776E+2
1,045000	1,016763E+2
1,050000	1,016750E+2
1,055000	1,016699E+2
1,060000	1,016686E+2
1,065000	1,016661E+2
1,070000	1,016636E+2
1,075000	1,016916E+2
1,080000	1,016916E+2
1,085000	1,016661E+2
1,090000	1,016546E+2
1,095000	1,016725E+2
1,100000	1,016763E+2
1,105000	1,016839E+2
1,110000	1,016636E+2
1,115000	1,016712E+2
1,120000	1,016839E+2
1,125000	1,016699E+2
1,130000	1,016954E+2
1,135000	1,016852E+2
1,140000	1,016852E+2
1,145000	1,016750E+2
1,150000	1,016610E+2
1,155000	1,016610E+2
1,160000	1,016839E+2
1,165000	1,016750E+2
1,170000	1,016788E+2
1,175000	1,016826E+2
1,180000	1,016954E+2
1,185000	1,016750E+2
1,190000	1,016623E+2
1,195000	1,016801E+2
1,200000	1,016852E+2
1,205000	1,016776E+2
1,210000	1,016623E+2
1,215000	1,016826E+2
1,220000	1,016916E+2
1,225000	1,016737E+2
1,230000	1,016877E+2
1,235000	1,016839E+2
1,240000	1,016826E+2
1,245000	1,016750E+2
1,250000	1,016788E+2
1,255000	1,016534E+2
1,260000	1,016903E+2
1,265000	1,016648E+2
1,270000	1,016585E+2
1,275000	1,016839E+2
1,280000	1,016776E+2
1,285000	1,016636E+2
1,290000	1,016801E+2
1,295000	1,016839E+2
1,300000	1,016788E+2
1,305000	1,016826E+2
1,310000	1,016686E+2
1,315000	1,016839E+2
1,320000	1,016801E+2
1,325000	1,016648E+2
1,330000	1,016546E+2
1,335000	1,016814E+2
1,340000	1,017030E+2
1,345000	1,016852E+2
1,350000	1,016368E+2
1,355000	1,016648E+2
1,360000	1,016737E+2
1,365000	1,016737E+2
1,370000	1,016712E+2
1,375000	1,016814E+2
1,380000	1,016763E+2
1,385000	1,016585E+2
1,390000	1,016661E+2
1,395000	1,016661E+2
1,400000	1,016686E+2
1,405000	1,016699E+2
1,410000	1,016903E+2
1,415000	1,016814E+2
1,420000	1,016801E+2
1,425000	1,016686E+2
1,430000	1,016686E+2
1,435000	1,016559E+2
1,440000	1,016839E+2
1,445000	1,016852E+2
1,450000	1,016610E+2
1,455000	1,016674E+2
1,460000	1,016763E+2
1,465000	1,016610E+2
1,470000	1,016763E+2
1,475000	1,016877E+2
1,480000	1,016941E+2
1,485000	1,016636E+2
1,490000	1,016674E+2
1,495000	1,016801E+2
1,500000	1,016776E+2
1,505000	1,016788E+2
1,510000	1,016368E+2
1,515000	1,016903E+2
1,520000	1,016737E+2
1,525000	1,016801E+2
1,530000	1,016801E+2
1,535000	1,016737E+2
1,540000	1,016699E+2
1,545000	1,016597E+2
1,550000	1,016572E+2
1,555000	1,016725E+2
1,560000	1,016954E+2
1,565000	1,016788E+2
1,570000	1,016801E+2
1,575000	1,016776E+2
1,580000	1,016737E+2
1,585000	1,016623E+2
1,590000	1,016636E+2
1,595000	1,016686E+2
1,600000	1,016725E+2
1,605000	1,016636E+2
1,610000	1,016877E+2
1,615000	1,016801E+2
1,620000	1,016559E+2
1,625000	1,016750E+2
1,630000	1,016788E+2
1,635000	1,016776E+2
1,640000	1,016788E+2
1,645000	1,016521E+2
1,650000	1,016636E+2
1,655000	1,016737E+2
1,660000	1,016826E+2
1,665000	1,016674E+2
1,670000	1,016355E+2
1,675000	1,016928E+2
1,680000	1,016852E+2
1,685000	1,016750E+2
1,690000	1,016928E+2
1,695000	1,016776E+2
1,700000	1,016623E+2
1,705000	1,016521E+2
1,710000	1,016636E+2
1,715000	1,016954E+2
1,720000	1,016788E+2
1,725000	1,016686E+2
1,730000	1,016776E+2
1,735000	1,016788E+2
1,740000	1,016661E+2
1,745000	1,016610E+2
1,750000	1,016623E+2
1,755000	1,016788E+2
1,760000	1,016737E+2
1,765000	1,016636E+2
1,770000	1,016661E+2
1,775000	1,016750E+2
1,780000	1,016546E+2
1,785000	1,016674E+2
1,790000	1,016686E+2
1,795000	1,016903E+2
1,800000	1,016686E+2
1,805000	1,016432E+2
1,810000	1,016508E+2
1,815000	1,016648E+2
1,820000	1,017005E+2
1,825000	1,016750E+2
1,830000	1,016470E+2
1,835000	1,016814E+2
1,840000	1,016737E+2
1,845000	1,016636E+2
1,850000	1,016661E+2
1,855000	1,016686E+2
1,860000	1,016546E+2
1,865000	1,016712E+2
1,870000	1,016941E+2
1,875000	1,016826E+2
1,880000	1,016763E+2
1,885000	1,016559E+2
1,890000	1,016508E+2
1,895000	1,016788E+2
1,900000	1,016941E+2
1,905000	1,016648E+2
1,910000	1,016623E+2
1,915000	1,016712E+2
1,920000	1,016725E+2
1,925000	1,016495E+2
1,930000	1,016534E+2
1,935000	1,016877E+2
1,940000	1,016877E+2
1,945000	1,016636E+2
1,950000	1,016737E+2
1,955000	1,016674E+2
1,960000	1,016674E+2
1,965000	1,016661E+2
1,970000	1,016839E+2
1,975000	1,016890E+2
1,980000	1,016623E+2
1,985000	1,016572E+2
1,990000	1,016725E+2
1,995000	1,016776E+2
2,000000	1,016826E+2
2,005000	1,016712E+2
2,010000	1,016457E+2
2,015000	1,016801E+2
2,020000	1,017056E+2
2,025000	1,016725E+2
2,030000	1,016470E+2
2,035000	1,017119E+2
2,040000	1,016865E+2
2,045000	1,016763E+2
2,050000	1,016597E+2
2,055000	1,016763E+2
2,060000	1,016648E+2
2,065000	1,016648E+2
2,070000	1,016852E+2
2,075000	1,016750E+2
2,080000	1,016674E+2
2,085000	1,016470E+2
2,090000	1,016725E+2
2,095000	1,016941E+2
2,100000	1,016737E+2
2,105000	1,016419E+2
2,110000	1,016610E+2
2,115000	1,016916E+2
2,120000	1,016839E+2
2,125000	1,016648E+2
2,130000	1,016788E+2
2,135000	1,016890E+2
2,140000	1,016826E+2
2,145000	1,016597E+2
2,150000	1,016661E+2
2,155000	1,016788E+2
2,160000	1,016661E+2
2,165000	1,016661E+2
2,170000	1,016890E+2
2,175000	1,016928E+2
2,180000	1,016699E+2
2,185000	1,016661E+2
2,190000	1,016559E+2
2,195000	1,016801E+2
2,200000	1,016865E+2
2,205000	1,016508E+2
2,210000	1,016725E+2
2,215000	1,016788E+2
2,220000	1,016699E+2
2,225000	1,016636E+2
2,230000	1,016585E+2
2,235000	1,016852E+2
2,240000	1,016877E+2
2,245000	1,016763E+2
2,250000	1,016763E+2
2,255000	1,016839E+2
2,260000	1,016877E+2
2,265000	1,016814E+2
2,270000	1,016750E+2
2,275000	1,016788E+2
2,280000	1,016572E+2
2,285000	1,016712E+2
2,290000	1,016801E+2
2,295000	1,016826E+2
2,300000	1,016686E+2
2,305000	1,016597E+2
2,310000	1,016826E+2
2,315000	1,016763E+2
2,320000	1,016776E+2
2,325000	1,016763E+2
2,330000	1,016763E+2
2,335000	1,016763E+2
2,340000	1,016725E+2
2,345000	1,016585E+2
2,350000	1,016636E+2
2,355000	1,016928E+2
2,360000	1,017005E+2
2,365000	1,016470E+2
2,370000	1,016725E+2
2,375000	1,016890E+2
2,380000	1,016826E+2
2,385000	1,016763E+2
2,390000	1,016699E+2
2,395000	1,016610E+2
2,400000	1,016661E+2
2,405000	1,016801E+2
2,410000	1,016903E+2
2,415000	1,016814E+2
2,420000	1,016699E+2
2,425000	1,016737E+2
2,430000	1,016623E+2
2,435000	1,016725E+2
2,440000	1,016954E+2
2,445000	1,016839E+2
2,450000	1,016699E+2
2,455000	1,016648E+2
2,460000	1,016610E+2
2,465000	1,016839E+2
2,470000	1,016737E+2
2,475000	1,016776E+2
2,480000	1,016725E+2
2,485000	1,016470E+2
2,490000	1,016623E+2
2,495000	1,016877E+2
2,500000	1,016928E+2
2,505000	1,016597E+2
2,510000	1,016470E+2
2,515000	1,016826E+2
2,520000	1,016865E+2
2,525000	1,016419E+2
2,530000	1,016826E+2
2,535000	1,016865E+2
2,540000	1,016839E+2
2,545000	1,016737E+2
2,550000	1,016699E+2
2,555000	1,016826E+2
2,560000	1,016750E+2
2,565000	1,016712E+2
2,570000	1,016559E+2
2,575000	1,016686E+2
2,580000	1,016699E+2
2,585000	1,016890E+2
2,590000	1,016826E+2
2,595000	1,016954E+2
2,600000	1,016572E+2
2,605000	1,016636E+2
2,610000	1,016776E+2
2,615000	1,017081E+2
2,620000	1,016890E+2
2,625000	1,016636E+2
2,630000	1,016686E+2
2,635000	1,016763E+2
2,640000	1,016877E+2
2,645000	1,016776E+2
2,650000	1,016814E+2
2,655000	1,016699E+2
2,660000	1,016699E+2
2,665000	1,016610E+2
2,670000	1,016979E+2
2,675000	1,017081E+2
2,680000	1,016737E+2
2,685000	1,016317E+2
2,690000	1,016699E+2
2,695000	1,016941E+2
2,700000	1,016839E+2
2,705000	1,016585E+2
2,710000	1,016597E+2
2,715000	1,016686E+2
2,720000	1,016801E+2
2,725000	1,016750E+2
2,730000	1,016941E+2
2,735000	1,016967E+2
2,740000	1,016750E+2
2,745000	1,016406E+2
2,750000	1,016699E+2
2,755000	1,017081E+2
2,760000	1,016623E+2
2,765000	1,016597E+2
2,770000	1,016636E+2
2,775000	1,016839E+2
2,780000	1,016839E+2
2,785000	1,016686E+2
2,790000	1,016801E+2
2,795000	1,016725E+2
2,800000	1,016712E+2
2,805000	1,016546E+2
2,810000	1,016648E+2
2,815000	1,016776E+2
2,820000	1,016661E+2
2,825000	1,016699E+2
2,830000	1,016852E+2
2,835000	1,016852E+2
2,840000	1,016534E+2
2,845000	1,016534E+2
2,850000	1,016814E+2
2,855000	1,016967E+2
2,860000	1,016903E+2
2,865000	1,016686E+2
2,870000	1,016661E+2
2,875000	1,016712E+2
2,880000	1,016623E+2
2,885000	1,016725E+2
2,890000	1,016674E+2
2,895000	1,016801E+2
2,900000	1,016826E+2
2,905000	1,016712E+2
2,910000	1,016788E+2
2,915000	1,016788E+2
2,920000	1,016712E+2
2,925000	1,016737E+2
2,930000	1,016725E+2
2,935000	1,016839E+2
2,940000	1,016801E+2
2,945000	1,016674E+2
2,950000	1,016661E+2
2,955000	1,016776E+2
2,960000	1,016597E+2
2,965000	1,016636E+2
2,970000	1,017030E+2
2,975000	1,016890E+2
2,980000	1,016801E+2
2,985000	1,016610E+2
2,990000	1,016814E+2
2,995000	1,016686E+2
3,000000	1,016636E+2
3,005000	1,016610E+2
3,010000	1,016737E+2
3,015000	1,016967E+2
3,020000	1,016661E+2
3,025000	1,016597E+2
3,030000	1,016763E+2
3,035000	1,016585E+2
3,040000	1,016674E+2
3,045000	1,016686E+2
3,050000	1,016979E+2
3,055000	1,016610E+2
3,060000	1,016597E+2
3,065000	1,016750E+2
3,070000	1,016877E+2
3,075000	1,016852E+2
3,080000	1,016572E+2
3,085000	1,016534E+2
3,090000	1,016839E+2
3,095000	1,017043E+2
3,100000	1,016776E+2
3,105000	1,016610E+2
3,110000	1,016546E+2
3,115000	1,016737E+2
3,120000	1,016763E+2
3,125000	1,016814E+2
3,130000	1,016928E+2
3,135000	1,016852E+2
3,140000	1,016521E+2
3,145000	1,016636E+2
3,150000	1,016916E+2
3,155000	1,016814E+2
3,160000	1,016661E+2
3,165000	1,016877E+2
3,170000	1,016483E+2
3,175000	1,016877E+2
3,180000	1,016992E+2
3,185000	1,016636E+2
3,190000	1,016712E+2
3,195000	1,016686E+2
3,200000	1,016826E+2
3,205000	1,016801E+2
3,210000	1,016928E+2
3,215000	1,016648E+2
3,220000	1,016712E+2
3,225000	1,016113E+2
3,230000	1,016877E+2
3,235000	1,017017E+2
3,240000	1,016457E+2
3,245000	1,016852E+2
3,250000	1,016941E+2
3,255000	1,016877E+2
3,260000	1,016495E+2
3,265000	1,016725E+2
3,270000	1,017247E+2
3,275000	1,016394E+2
3,280000	1,016865E+2
3,285000	1,016686E+2
3,290000	1,016648E+2
3,295000	1,016712E+2
3,300000	1,017017E+2
3,305000	1,016559E+2
3,310000	1,016636E+2
3,315000	1,016788E+2
3,320000	1,016890E+2
3,325000	1,016801E+2
3,330000	1,016636E+2
3,335000	1,016572E+2
3,340000	1,017043E+2
3,345000	1,016585E+2
3,350000	1,016457E+2
3,355000	1,017132E+2
3,360000	1,016648E+2
3,365000	1,016546E+2
3,370000	1,016967E+2
3,375000	1,016928E+2
3,380000	1,016394E+2
3,385000	1,016674E+2
3,390000	1,017056E+2
3,395000	1,016890E+2
3,400000	1,016661E+2
3,405000	1,016597E+2
3,410000	1,016725E+2
3,415000	1,016967E+2
3,420000	1,016737E+2
3,425000	1,016559E+2
3,430000	1,016750E+2
3,435000	1,016750E+2
3,440000	1,016572E+2
3,445000	1,016546E+2
3,450000	1,016865E+2
3,455000	1,016954E+2
3,460000	1,016674E+2
3,465000	1,016585E+2
3,470000	1,016826E+2
3,475000	1,017158E+2
3,480000	1,016725E+2
3,485000	1,016572E+2
3,490000	1,017043E+2
3,495000	1,016597E+2
3,500000	1,016763E+2
3,505000	1,016737E+2
3,510000	1,016394E+2
3,515000	1,016763E+2
3,520000	1,016597E+2
3,525000	1,016712E+2
3,530000	1,016839E+2
3,535000	1,016674E+2
3,540000	1,016674E+2
3,545000	1,016686E+2
3,550000	1,016941E+2
3,555000	1,016865E+2
3,560000	1,016470E+2
3,565000	1,016865E+2
3,570000	1,016763E+2
3,575000	1,016839E+2
3,580000	1,016788E+2
3,585000	1,016585E+2
3,590000	1,017043E+2
3,595000	1,016865E+2
3,600000	1,016355E+2
3,605000	1,017094E+2
3,610000	1,016585E+2
3,615000	1,016814E+2
3,620000	1,016483E+2
3,625000	1,016559E+2
3,630000	1,017056E+2
3,635000	1,016941E+2
3,640000	1,016597E+2
3,645000	1,016610E+2
3,650000	1,016801E+2
3,655000	1,016788E+2
3,660000	1,016737E+2
3,665000	1,016763E+2
3,670000	1,016763E+2
3,675000	1,016916E+2
3,680000	1,016788E+2
3,685000	1,016661E+2
3,690000	1,016661E+2
3,695000	1,016865E+2
3,700000	1,016890E+2
3,705000	1,016725E+2
3,710000	1,016597E+2
3,715000	1,017514E+2
3,720000	1,016928E+2
3,725000	1,016113E+2
3,730000	1,016954E+2
3,735000	1,017132E+2
3,740000	1,016725E+2
3,745000	1,016610E+2
3,750000	1,016979E+2
3,755000	1,016750E+2
3,760000	1,016546E+2
3,765000	1,016903E+2
3,770000	1,016712E+2
3,775000	1,016763E+2
3,780000	1,016967E+2
3,785000	1,016865E+2
3,790000	1,016661E+2
3,795000	1,016699E+2
3,800000	1,016814E+2
3,805000	1,016877E+2
3,810000	1,016776E+2
3,815000	1,016495E+2
3,820000	1,016839E+2
3,825000	1,016737E+2
3,830000	1,016826E+2
3,835000	1,016712E+2
3,840000	1,016814E+2
3,845000	1,016776E+2
3,850000	1,016826E+2
3,855000	1,016826E+2
3,860000	1,016585E+2
3,865000	1,016546E+2
3,870000	1,016776E+2
3,875000	1,017119E+2
3,880000	1,016394E+2
3,885000	1,016368E+2
3,890000	1,016954E+2
3,895000	1,016979E+2
3,900000	1,016712E+2
3,905000	1,016699E+2
3,910000	1,016636E+2
3,915000	1,016699E+2
3,920000	1,016661E+2
3,925000	1,016877E+2
3,930000	1,016890E+2
3,935000	1,016916E+2
3,940000	1,016712E+2
3,945000	1,016610E+2
3,950000	1,016776E+2
3,955000	1,016877E+2
3,960000	1,016674E+2
3,965000	1,016470E+2
3,970000	1,016788E+2
3,975000	1,016788E+2
3,980000	1,016967E+2
3,985000	1,016648E+2
3,990000	1,016750E+2
3,995000	1,016814E+2
4,000000	1,016725E+2
4,005000	1,016661E+2
4,010000	1,016877E+2
4,015000	1,016725E+2
4,020000	1,016636E+2
4,025000	1,016610E+2
4,030000	1,016725E+2
4,035000	1,016839E+2
4,040000	1,016839E+2
4,045000	1,016725E+2
4,050000	1,016903E+2
4,055000	1,016928E+2
4,060000	1,016890E+2
4,065000	1,016712E+2
4,070000	1,016852E+2
4,075000	1,016801E+2
4,080000	1,016648E+2
4,085000	1,016699E+2
4,090000	1,016903E+2
4,095000	1,016852E+2
4,100000	1,016788E+2
4,105000	1,016674E+2
4,110000	1,016712E+2
4,115000	1,016801E+2
4,120000	1,016826E+2
4,125000	1,016852E+2
4,130000	1,016890E+2
4,135000	1,016737E+2
4,140000	1,016661E+2
4,145000	1,016954E+2
4,150000	1,016852E+2
4,155000	1,016814E+2
4,160000	1,016483E+2
4,165000	1,016750E+2
4,170000	1,016992E+2
4,175000	1,017005E+2
4,180000	1,016699E+2
4,185000	1,016495E+2
4,190000	1,016725E+2
4,195000	1,017005E+2
4,200000	1,016814E+2
4,205000	1,016406E+2
4,210000	1,017196E+2
4,215000	1,016521E+2
4,220000	1,016559E+2
4,225000	1,016814E+2
4,230000	1,016903E+2
4,235000	1,016686E+2
4,240000	1,016661E+2
4,245000	1,016776E+2
4,250000	1,016928E+2
4,255000	1,016648E+2
4,260000	1,016585E+2
4,265000	1,016801E+2
4,270000	1,016814E+2
4,275000	1,016941E+2
4,280000	1,016559E+2
4,285000	1,016597E+2
4,290000	1,016801E+2
4,295000	1,016941E+2
4,300000	1,016826E+2
4,305000	1,016674E+2
4,310000	1,017005E+2
4,315000	1,016954E+2
4,320000	1,016826E+2
4,325000	1,016623E+2
4,330000	1,016725E+2
4,335000	1,016852E+2
4,340000	1,016941E+2
4,345000	1,016763E+2
4,350000	1,016661E+2
4,355000	1,016967E+2
4,360000	1,016903E+2
4,365000	1,016521E+2
4,370000	1,016928E+2
4,375000	1,017056E+2
4,380000	1,016699E+2
4,385000	1,016585E+2
4,390000	1,016928E+2
4,395000	1,017119E+2
4,400000	1,016814E+2
4,405000	1,016712E+2
4,410000	1,016763E+2
4,415000	1,016686E+2
4,420000	1,016839E+2
4,425000	1,016674E+2
4,430000	1,016877E+2
4,435000	1,016928E+2
4,440000	1,016814E+2
4,445000	1,016686E+2
4,450000	1,016674E+2
4,455000	1,016750E+2
4,460000	1,016954E+2
4,465000	1,016674E+2
4,470000	1,016610E+2
4,475000	1,016941E+2
4,480000	1,016916E+2
4,485000	1,016826E+2
4,490000	1,017336E+2
4,495000	1,016546E+2
4,500000	1,016992E+2
4,505000	1,016852E+2
4,510000	1,016585E+2
4,515000	1,016992E+2
4,520000	1,016979E+2
4,525000	1,016788E+2
4,530000	1,016750E+2
4,535000	1,016776E+2
4,540000	1,016877E+2
4,545000	1,016597E+2
4,550000	1,016852E+2
4,555000	1,016839E+2
4,560000	1,016865E+2
4,565000	1,016572E+2
4,570000	1,016852E+2
4,575000	1,016750E+2
4,580000	1,016686E+2
4,585000	1,017081E+2
4,590000	1,016890E+2
4,595000	1,016916E+2
4,600000	1,016686E+2
4,605000	1,016712E+2
4,610000	1,017119E+2
4,615000	1,016750E+2
4,620000	1,016737E+2
4,625000	1,016763E+2
4,630000	1,016967E+2
4,635000	1,016954E+2
4,640000	1,016661E+2
4,645000	1,016763E+2
4,650000	1,016750E+2
4,655000	1,016776E+2
4,660000	1,016865E+2
4,665000	1,016941E+2
4,670000	1,016801E+2
4,675000	1,016903E+2
4,680000	1,016636E+2
4,685000	1,016636E+2
4,690000	1,016890E+2
4,695000	1,016992E+2
4,700000	1,016877E+2
4,705000	1,016623E+2
4,710000	1,016725E+2
4,715000	1,016941E+2
4,720000	1,016928E+2
4,725000	1,016725E+2
4,730000	1,016661E+2
4,735000	1,016890E+2
4,740000	1,016826E+2
4,745000	1,016776E+2
4,750000	1,016877E+2
4,755000	1,016814E+2
4,760000	1,016839E+2
4,765000	1,016674E+2
4,770000	1,016737E+2
4,775000	1,016954E+2
4,780000	1,016725E+2
4,785000	1,016788E+2
4,790000	1,016826E+2
4,795000	1,016661E+2
4,800000	1,016674E+2
4,805000	1,016763E+2
4,810000	1,016928E+2
4,815000	1,016928E+2
4,820000	1,016877E+2
4,825000	1,016750E+2
4,830000	1,016826E+2
4,835000	1,016814E+2
4,840000	1,016661E+2
4,845000	1,016801E+2
4,850000	1,016725E+2
4,855000	1,016890E+2
4,860000	1,016725E+2
4,865000	1,016725E+2
4,870000	1,016992E+2
4,875000	1,016890E+2
4,880000	1,016610E+2
4,885000	1,016623E+2
4,890000	1,016865E+2
4,895000	1,017030E+2
4,900000	1,016674E+2
4,905000	1,016954E+2
4,910000	1,016877E+2
4,915000	1,016432E+2
4,920000	1,017170E+2
4,925000	1,016394E+2
4,930000	1,017145E+2
4,935000	1,017259E+2
4,940000	1,016406E+2
4,945000	1,017259E+2
4,950000	1,016508E+2
4,955000	1,017221E+2
4,960000	1,016623E+2
4,965000	1,016788E+2
4,970000	1,016559E+2
4,975000	1,017247E+2
4,980000	1,016368E+2
4,985000	1,017170E+2
4,990000	1,016559E+2
4,995000	1,017272E+2
5,000000	1,016508E+2
5,005000	1,016648E+2
5,010000	1,016814E+2
5,015000	1,017005E+2
5,020000	1,016992E+2
5,025000	1,016674E+2
5,030000	1,016648E+2
5,035000	1,017132E+2
5,040000	1,016406E+2
5,045000	1,016776E+2
5,050000	1,016839E+2
5,055000	1,017234E+2
5,060000	1,016636E+2
5,065000	1,016495E+2
5,070000	1,016839E+2
5,075000	1,017030E+2
5,080000	1,016712E+2
5,085000	1,016992E+2
5,090000	1,017030E+2
5,095000	1,016750E+2
5,100000	1,016597E+2
5,105000	1,016406E+2
5,110000	1,016737E+2
5,115000	1,016979E+2
5,120000	1,016814E+2
5,125000	1,016597E+2
5,130000	1,016992E+2
5,135000	1,016928E+2
5,140000	1,016763E+2
5,145000	1,016623E+2
5,150000	1,016979E+2
5,155000	1,016992E+2
5,160000	1,016648E+2
5,165000	1,016826E+2
5,170000	1,016725E+2
5,175000	1,017081E+2
5,180000	1,016801E+2
5,185000	1,016814E+2
5,190000	1,016801E+2
5,195000	1,016903E+2
5,200000	1,016661E+2
5,205000	1,016737E+2
5,210000	1,017030E+2
5,215000	1,016763E+2
5,220000	1,016776E+2
5,225000	1,016750E+2
5,230000	1,016763E+2
5,235000	1,016788E+2
5,240000	1,016801E+2
5,245000	1,016916E+2
5,250000	1,016967E+2
5,255000	1,016801E+2
5,260000	1,016495E+2
5,265000	1,016712E+2
5,270000	1,017056E+2
5,275000	1,017030E+2
5,280000	1,016712E+2
5,285000	1,016610E+2
5,290000	1,016979E+2
5,295000	1,017094E+2
5,300000	1,016814E+2
5,305000	1,016826E+2
5,310000	1,016648E+2
5,315000	1,016877E+2
5,320000	1,017005E+2
5,325000	1,016826E+2
5,330000	1,016801E+2
5,335000	1,016814E+2
5,340000	1,016534E+2
5,345000	1,017158E+2
5,350000	1,016381E+2
5,355000	1,017081E+2
5,360000	1,016839E+2
5,365000	1,016648E+2
5,370000	1,016699E+2
5,375000	1,016916E+2
5,380000	1,016725E+2
5,385000	1,016788E+2
5,390000	1,017030E+2
5,395000	1,016903E+2
5,400000	1,016814E+2
5,405000	1,016788E+2
5,410000	1,016788E+2
5,415000	1,016763E+2
5,420000	1,016750E+2
5,425000	1,017068E+2
5,430000	1,016826E+2
5,435000	1,016572E+2
5,440000	1,016750E+2
5,445000	1,016852E+2
5,450000	1,016776E+2
5,455000	1,016788E+2
5,460000	1,016648E+2
5,465000	1,016737E+2
5,470000	1,016865E+2
5,475000	1,016967E+2
5,480000	1,016877E+2
5,485000	1,016686E+2
5,490000	1,016814E+2
5,495000	1,016712E+2
5,500000	1,016737E+2
5,505000	1,016725E+2
5,510000	1,016788E+2
5,515000	1,016686E+2
5,520000	1,016788E+2
5,525000	1,016865E+2
5,530000	1,017056E+2
5,535000	1,016712E+2
5,540000	1,016852E+2
5,545000	1,016979E+2
5,550000	1,016865E+2
5,555000	1,016661E+2
5,560000	1,016763E+2
5,565000	1,017005E+2
5,570000	1,017005E+2
5,575000	1,016788E+2
5,580000	1,016674E+2
5,585000	1,016826E+2
5,590000	1,017170E+2
5,595000	1,016725E+2
5,600000	1,016432E+2
5,605000	1,016801E+2
5,610000	1,017158E+2
5,615000	1,016712E+2
5,620000	1,016495E+2
5,625000	1,016826E+2
5,630000	1,016826E+2
5,635000	1,016979E+2
5,640000	1,016826E+2
5,645000	1,016826E+2
5,650000	1,016763E+2
5,655000	1,016877E+2
5,660000	1,016979E+2
5,665000	1,016750E+2
5,670000	1,016890E+2
5,675000	1,016546E+2
5,680000	1,016763E+2
5,685000	1,016826E+2
5,690000	1,016839E+2
5,695000	1,016992E+2
5,700000	1,016674E+2
5,705000	1,016788E+2
5,710000	1,016699E+2
5,715000	1,016839E+2
5,720000	1,016585E+2
5,725000	1,016865E+2
5,730000	1,016992E+2
5,735000	1,016941E+2
5,740000	1,016623E+2
5,745000	1,016750E+2
5,750000	1,016928E+2
5,755000	1,016903E+2
5,760000	1,016788E+2
5,765000	1,017017E+2
5,770000	1,016814E+2
5,775000	1,016776E+2
5,780000	1,016814E+2
5,785000	1,016776E+2
5,790000	1,016712E+2
5,795000	1,016737E+2
5,800000	1,016801E+2
5,805000	1,016865E+2
5,810000	1,016877E+2
5,815000	1,016763E+2
5,820000	1,016725E+2
5,825000	1,016763E+2
5,830000	1,016865E+2
5,835000	1,016814E+2
5,840000	1,016674E+2
5,845000	1,016852E+2
5,850000	1,016967E+2
5,855000	1,016979E+2
5,860000	1,016801E+2
5,865000	1,016839E+2
5,870000	1,016839E+2
5,875000	1,016648E+2
5,880000	1,016661E+2
5,885000	1,017107E+2
5,890000	1,016916E+2
5,895000	1,016686E+2
5,900000	1,016623E+2
5,905000	1,016954E+2
5,910000	1,016865E+2
5,915000	1,016737E+2
5,920000	1,016699E+2
5,925000	1,017005E+2
5,930000	1,016890E+2
5,935000	1,016763E+2
5,940000	1,016725E+2
5,945000	1,016788E+2
5,950000	1,016877E+2
5,955000	1,016826E+2
5,960000	1,016661E+2
5,965000	1,016725E+2
5,970000	1,016890E+2
5,975000	1,017005E+2
5,980000	1,016903E+2
5,985000	1,016750E+2
5,990000	1,016865E+2
5,995000	1,016763E+2
6,000000	1,016788E+2
6,005000	1,016826E+2
6,010000	1,016941E+2
6,015000	1,016763E+2
6,020000	1,016839E+2
6,025000	1,016890E+2
6,030000	1,016903E+2
6,035000	1,016763E+2
6,040000	1,016776E+2
6,045000	1,016941E+2
6,050000	1,016941E+2
6,055000	1,016903E+2
6,060000	1,016445E+2
6,065000	1,016610E+2
6,070000	1,017017E+2
6,075000	1,016903E+2
6,080000	1,016636E+2
6,085000	1,016712E+2
6,090000	1,016954E+2
6,095000	1,016877E+2
6,100000	1,016776E+2
6,105000	1,016801E+2
6,110000	1,016865E+2
6,115000	1,016814E+2
6,120000	1,016648E+2
6,125000	1,016776E+2
6,130000	1,016941E+2
6,135000	1,016750E+2
6,140000	1,016712E+2
6,145000	1,016826E+2
6,150000	1,016890E+2
6,155000	1,016890E+2
6,160000	1,016750E+2
6,165000	1,017030E+2
6,170000	1,016776E+2
6,175000	1,016712E+2
6,180000	1,016712E+2
6,185000	1,016725E+2
6,190000	1,017247E+2
6,195000	1,016763E+2
6,200000	1,016610E+2
6,205000	1,017081E+2
6,210000	1,016954E+2
6,215000	1,016648E+2
6,220000	1,016763E+2
6,225000	1,017132E+2
6,230000	1,017005E+2
6,235000	1,016597E+2
6,240000	1,016750E+2
6,245000	1,017107E+2
6,250000	1,016699E+2
6,255000	1,016865E+2
6,260000	1,016903E+2
6,265000	1,016890E+2
6,270000	1,016877E+2
6,275000	1,016916E+2
6,280000	1,016725E+2
6,285000	1,016941E+2
6,290000	1,016928E+2
6,295000	1,016788E+2
6,300000	1,016826E+2
6,305000	1,017005E+2
6,310000	1,016814E+2
6,315000	1,016877E+2
6,320000	1,016546E+2
6,325000	1,016865E+2
6,330000	1,017056E+2
6,335000	1,016865E+2
6,340000	1,016750E+2
6,345000	1,016597E+2
6,350000	1,016928E+2
6,355000	1,016979E+2
6,360000	1,016839E+2
6,365000	1,016610E+2
6,370000	1,016801E+2
6,375000	1,016992E+2
6,380000	1,016877E+2
6,385000	1,016699E+2
6,390000	1,016788E+2
6,395000	1,017005E+2
6,400000	1,016941E+2
6,405000	1,016763E+2
6,410000	1,016737E+2
6,415000	1,016877E+2
6,420000	1,016788E+2
6,425000	1,016967E+2
6,430000	1,017068E+2
6,435000	1,016852E+2
6,440000	1,016623E+2
6,445000	1,016623E+2
6,450000	1,017017E+2
6,455000	1,016776E+2
6,460000	1,016801E+2
6,465000	1,016890E+2
6,470000	1,016967E+2
6,475000	1,016903E+2
6,480000	1,016788E+2
6,485000	1,016750E+2
6,490000	1,016801E+2
6,495000	1,016725E+2
6,500000	1,016877E+2
6,505000	1,016954E+2
6,510000	1,016826E+2
6,515000	1,016636E+2
6,520000	1,016776E+2
6,525000	1,016839E+2
6,530000	1,017030E+2
6,535000	1,016865E+2
6,540000	1,016826E+2
6,545000	1,016865E+2
6,550000	1,016903E+2
6,555000	1,016737E+2
6,560000	1,016699E+2
6,565000	1,016801E+2
6,570000	1,016725E+2
6,575000	1,016839E+2
6,580000	1,016801E+2
6,585000	1,017017E+2
6,590000	1,017043E+2
6,595000	1,016699E+2
6,600000	1,016534E+2
6,605000	1,016763E+2
6,610000	1,017094E+2
6,615000	1,016877E+2
6,620000	1,016699E+2
6,625000	1,016636E+2
6,630000	1,016941E+2
6,635000	1,017017E+2
6,640000	1,016636E+2
6,645000	1,016686E+2
6,650000	1,016992E+2
6,655000	1,017234E+2
6,660000	1,016674E+2
6,665000	1,016776E+2
6,670000	1,016788E+2
6,675000	1,016750E+2
6,680000	1,016597E+2
6,685000	1,016686E+2
6,690000	1,016801E+2
6,695000	1,016801E+2
6,700000	1,016572E+2
6,705000	1,016877E+2
6,710000	1,016839E+2
6,715000	1,016763E+2
6,720000	1,016597E+2
6,725000	1,017056E+2
6,730000	1,016368E+2
6,735000	1,017030E+2
6,740000	1,016597E+2
6,745000	1,016661E+2
6,750000	1,016546E+2
6,755000	1,016712E+2
6,760000	1,016534E+2
6,765000	1,016737E+2
6,770000	1,016801E+2
6,775000	1,016839E+2
6,780000	1,016597E+2
6,785000	1,016737E+2
6,790000	1,016712E+2
6,795000	1,016661E+2
6,800000	1,016572E+2
6,805000	1,016686E+2
6,810000	1,016546E+2
6,815000	1,016572E+2
6,820000	1,016546E+2
6,825000	1,016648E+2
6,830000	1,016737E+2
6,835000	1,016559E+2
6,840000	1,016610E+2
6,845000	1,016597E+2
6,850000	1,016699E+2
6,855000	1,016546E+2
6,860000	1,016432E+2
6,865000	1,016788E+2
6,870000	1,016776E+2
6,875000	1,016801E+2
6,880000	1,016521E+2
6,885000	1,016445E+2
6,890000	1,016725E+2
6,895000	1,016674E+2
6,900000	1,016572E+2
6,905000	1,016495E+2
6,910000	1,016636E+2
6,915000	1,016508E+2
6,920000	1,016610E+2
6,925000	1,016534E+2
6,930000	1,016674E+2
6,935000	1,016419E+2
6,940000	1,016445E+2
6,945000	1,016623E+2
6,950000	1,016534E+2
6,955000	1,016355E+2
6,960000	1,016788E+2
6,965000	1,016317E+2
6,970000	1,016725E+2
6,975000	1,016508E+2
6,980000	1,016164E+2
6,985000	1,016534E+2
6,990000	1,016597E+2
6,995000	1,016470E+2
7,000000	1,016368E+2
7,005000	1,016406E+2
7,010000	1,016330E+2
7,015000	1,016330E+2
7,020000	1,016190E+2
7,025000	1,016241E+2
7,030000	1,016304E+2
7,035000	1,016355E+2
7,040000	1,016164E+2
7,045000	1,016241E+2
7,050000	1,016088E+2
7,055000	1,015948E+2
7,060000	1,015757E+2
7,065000	1,016203E+2
7,070000	1,016088E+2
7,075000	1,015910E+2
7,080000	1,015808E+2
7,085000	1,015833E+2
7,090000	1,015617E+2
7,095000	1,015553E+2
7,100000	1,015579E+2
7,105000	1,015782E+2
7,110000	1,015770E+2
7,115000	1,015782E+2
7,120000	1,015324E+2
7,125000	1,015350E+2
7,130000	1,015439E+2
7,135000	1,015439E+2
7,140000	1,015260E+2
7,145000	1,015439E+2
7,150000	1,015400E+2
7,155000	1,015069E+2
7,160000	1,014968E+2
7,165000	1,015209E+2
7,170000	1,015184E+2
7,175000	1,014929E+2
7,180000	1,015337E+2
7,185000	1,014649E+2
7,190000	1,015248E+2
7,195000	1,014929E+2
7,200000	1,014675E+2
7,205000	1,014687E+2
7,210000	1,014789E+2
7,215000	1,014942E+2
7,220000	1,014509E+2
7,225000	1,014573E+2
7,230000	1,014624E+2
7,235000	1,014624E+2
7,240000	1,014407E+2
7,245000	1,014344E+2
7,250000	1,014331E+2
7,255000	1,014344E+2
7,260000	1,014191E+2
7,265000	1,014331E+2
7,270000	1,014127E+2
7,275000	1,014064E+2
7,280000	1,013885E+2
7,285000	1,014178E+2
7,290000	1,014153E+2
7,295000	1,013936E+2
7,300000	1,013860E+2
7,305000	1,013885E+2
7,310000	1,013771E+2
7,315000	1,013694E+2
7,320000	1,013732E+2
7,325000	1,013758E+2
7,330000	1,013592E+2
7,335000	1,013516E+2
7,340000	1,013300E+2
7,345000	1,013478E+2
7,350000	1,013261E+2
7,355000	1,013401E+2
7,360000	1,013198E+2
7,365000	1,013198E+2
7,370000	1,013172E+2
7,375000	1,013096E+2
7,380000	1,012892E+2
7,385000	1,012968E+2
7,390000	1,012918E+2
7,395000	1,012879E+2
7,400000	1,012828E+2
7,405000	1,012841E+2
7,410000	1,012879E+2
7,415000	1,012485E+2
7,420000	1,012625E+2
7,425000	1,012599E+2
7,430000	1,012587E+2
7,435000	1,012497E+2
7,440000	1,012357E+2
7,445000	1,012243E+2
7,450000	1,012268E+2
7,455000	1,012179E+2
7,460000	1,012090E+2
7,465000	1,012306E+2
7,470000	1,012154E+2
7,475000	1,012014E+2
7,480000	1,011708E+2
7,485000	1,011873E+2
7,490000	1,011924E+2
7,495000	1,011619E+2
7,500000	1,011606E+2
7,505000	1,011530E+2
7,510000	1,011466E+2
7,515000	1,011351E+2
7,520000	1,011250E+2
7,525000	1,011351E+2
7,530000	1,011186E+2
7,535000	1,011071E+2
7,540000	1,011008E+2
7,545000	1,011097E+2
7,550000	1,010919E+2
7,555000	1,010969E+2
7,560000	1,010778E+2
7,565000	1,010855E+2
7,570000	1,010753E+2
7,575000	1,010562E+2
7,580000	1,010447E+2
7,585000	1,010613E+2
7,590000	1,010460E+2
7,595000	1,010244E+2
7,600000	1,010231E+2
7,605000	1,010193E+2
7,610000	1,010193E+2
7,615000	1,010078E+2
7,620000	1,009951E+2
7,625000	1,009900E+2
7,630000	1,009887E+2
7,635000	1,009633E+2
7,640000	1,009531E+2
7,645000	1,009798E+2
7,650000	1,009543E+2
7,655000	1,009429E+2
7,660000	1,009340E+2
7,665000	1,009391E+2
7,670000	1,009200E+2
7,675000	1,009174E+2
7,680000	1,009225E+2
7,685000	1,009365E+2
7,690000	1,009161E+2
7,695000	1,009060E+2
7,700000	1,008818E+2
7,705000	1,008830E+2
7,710000	1,008665E+2
7,715000	1,008550E+2
7,720000	1,008665E+2
7,725000	1,008601E+2
7,730000	1,008627E+2
7,735000	1,008385E+2
7,740000	1,008168E+2
7,745000	1,008181E+2
7,750000	1,008321E+2
7,755000	1,008181E+2
7,760000	1,008105E+2
7,765000	1,008003E+2
7,770000	1,008105E+2
7,775000	1,007735E+2
7,780000	1,007850E+2
7,785000	1,007837E+2
7,790000	1,007710E+2
7,795000	1,007455E+2
7,800000	1,007430E+2
7,805000	1,007595E+2
7,810000	1,007430E+2
7,815000	1,007226E+2
7,820000	1,007010E+2
7,825000	1,007162E+2
7,830000	1,007201E+2
7,835000	1,007022E+2
7,840000	1,007048E+2
7,845000	1,007035E+2
7,850000	1,006908E+2
7,855000	1,006691E+2
7,860000	1,006615E+2
7,865000	1,006946E+2
7,870000	1,006577E+2
7,875000	1,006513E+2
7,880000	1,006284E+2
7,885000	1,006335E+2
7,890000	1,006411E+2
7,895000	1,006169E+2
7,900000	1,006169E+2
7,905000	1,006157E+2
7,910000	1,006106E+2
7,915000	1,006004E+2
7,920000	1,005991E+2
7,925000	1,005991E+2
7,930000	1,005800E+2
7,935000	1,005685E+2
7,940000	1,005494E+2
7,945000	1,005711E+2
7,950000	1,005634E+2
7,955000	1,005329E+2
7,960000	1,005240E+2
7,965000	1,005393E+2
7,970000	1,005303E+2
7,975000	1,005163E+2
7,980000	1,005074E+2
7,985000	1,005074E+2
7,990000	1,004883E+2
7,995000	1,005151E+2
8,000000	1,004629E+2
8,005000	1,005087E+2
8,010000	1,004896E+2
8,015000	1,004399E+2
8,020000	1,004756E+2
8,025000	1,004769E+2
8,030000	1,004234E+2
8,035000	1,004718E+2
8,040000	1,003992E+2
8,045000	1,004348E+2
8,050000	1,004603E+2
8,055000	1,003903E+2
8,060000	1,004298E+2
8,065000	1,004056E+2
8,070000	1,004056E+2
8,075000	1,003725E+2
8,080000	1,003839E+2
8,085000	1,004107E+2
8,090000	1,003788E+2
8,095000	1,003648E+2
8,100000	1,003585E+2
8,105000	1,003725E+2
8,110000	1,003635E+2
8,115000	1,003457E+2
8,120000	1,003343E+2
8,125000	1,003444E+2
8,130000	1,003304E+2
8,135000	1,003101E+2
8,140000	1,003113E+2
8,145000	1,003419E+2
8,150000	1,003088E+2
8,155000	1,002821E+2
8,160000	1,002770E+2
8,165000	1,002897E+2
8,170000	1,002808E+2
8,175000	1,002872E+2
8,180000	1,002693E+2
8,185000	1,002731E+2
8,190000	1,002668E+2
8,195000	1,002515E+2
8,200000	1,002375E+2
8,205000	1,002464E+2
8,210000	1,002426E+2
8,215000	1,002362E+2
8,220000	1,002222E+2
8,225000	1,002260E+2
8,230000	1,002311E+2
8,235000	1,002044E+2
8,240000	1,001967E+2
8,245000	1,001942E+2
8,250000	1,001967E+2
8,255000	1,001904E+2
8,260000	1,001662E+2
8,265000	1,002286E+2
8,270000	1,001573E+2
8,275000	1,001522E+2
8,280000	1,001598E+2
8,285000	1,001636E+2
8,290000	1,001535E+2
8,295000	1,001407E+2
8,300000	1,001344E+2
8,305000	1,001484E+2
8,310000	1,000936E+2
8,315000	1,001089E+2
8,320000	1,001063E+2
8,325000	1,001153E+2
8,330000	1,001102E+2
8,335000	1,001063E+2
8,340000	1,000872E+2
8,345000	1,000949E+2
8,350000	1,000809E+2
8,355000	1,000631E+2
8,360000	1,000554E+2
8,365000	1,000580E+2
8,370000	1,000452E+2
8,375000	1,000414E+2
8,380000	1,000529E+2
8,385000	1,000669E+2
8,390000	1,000274E+2
8,395000	1,000045E+2
8,400000	1,000058E+2
8,405000	1,000287E+2
8,410000	1,000070E+2
8,415000	9,998666E+1
8,420000	9,999303E+1
8,425000	9,998157E+1
8,430000	9,997265E+1
8,435000	9,994846E+1
8,440000	9,997265E+1
8,445000	9,995483E+1
8,450000	9,994464E+1
8,455000	9,993955E+1
8,460000	9,993064E+1
8,465000	9,993318E+1
8,470000	9,993191E+1
8,475000	9,991408E+1
8,480000	9,990772E+1
8,485000	9,992045E+1
8,490000	9,991281E+1
8,495000	9,990008E+1
8,500000	9,988225E+1
8,505000	9,989626E+1
8,510000	9,989626E+1
8,515000	9,985806E+1
8,520000	9,985042E+1
8,525000	9,985933E+1
8,530000	9,985297E+1
8,535000	9,982623E+1
8,540000	9,982623E+1
8,545000	9,984915E+1
8,550000	9,982623E+1
8,555000	9,981222E+1
8,560000	9,980076E+1
8,565000	9,980586E+1
8,570000	9,979567E+1
8,575000	9,976893E+1
8,580000	9,976256E+1
8,585000	9,974983E+1
8,590000	9,978294E+1
8,595000	9,970781E+1
8,600000	9,974856E+1
8,605000	9,973837E+1
8,610000	9,973965E+1
8,615000	9,972182E+1
8,620000	9,973201E+1
8,625000	9,971418E+1
8,630000	9,970017E+1
8,635000	9,968999E+1
8,640000	9,970145E+1
8,645000	9,969635E+1
8,650000	9,966962E+1
8,655000	9,964670E+1
8,660000	9,965179E+1
8,665000	9,965306E+1
8,670000	9,963778E+1
8,675000	9,964033E+1
8,680000	9,962505E+1
8,685000	9,965052E+1
8,690000	9,959195E+1
8,695000	9,963651E+1
8,700000	9,959704E+1
8,705000	9,961232E+1
8,710000	9,957794E+1
8,715000	9,957285E+1
8,720000	9,956012E+1
8,725000	9,957157E+1
8,730000	9,955630E+1
8,735000	9,953720E+1
8,740000	9,953847E+1
8,745000	9,955120E+1
8,750000	9,953210E+1
8,755000	9,949773E+1
8,760000	9,950536E+1
8,765000	9,950536E+1
8,770000	9,949136E+1
8,775000	9,946462E+1
8,780000	9,947863E+1
8,785000	9,947990E+1
8,790000	9,947990E+1
8,795000	9,945443E+1
8,800000	9,942260E+1
8,805000	9,944170E+1
8,810000	9,943916E+1
8,815000	9,943279E+1
8,820000	9,943024E+1
8,825000	9,943406E+1
8,830000	9,942133E+1
8,835000	9,940223E+1
8,840000	9,937040E+1
8,845000	9,943788E+1
8,850000	9,935257E+1
8,855000	9,936913E+1
8,860000	9,935894E+1
8,865000	9,935767E+1
8,870000	9,936913E+1
8,875000	9,933602E+1
8,880000	9,933984E+1
8,885000	9,934493E+1
8,890000	9,934366E+1
8,895000	9,932838E+1
8,900000	9,930037E+1
8,905000	9,930801E+1
8,910000	9,929910E+1
8,915000	9,927108E+1
8,920000	9,928509E+1
8,925000	9,928254E+1
8,930000	9,927363E+1
8,935000	9,925580E+1
8,940000	9,926599E+1
8,945000	9,926344E+1
8,950000	9,925198E+1
8,955000	9,923543E+1
8,960000	9,923416E+1
8,965000	9,923671E+1
8,970000	9,922015E+1
8,975000	9,922270E+1
8,980000	9,917559E+1
8,985000	9,921124E+1
8,990000	9,919978E+1
8,995000	9,919596E+1
9,000000	9,918068E+1
9,005000	9,919214E+1
9,010000	9,916540E+1
9,015000	9,914376E+1
9,020000	9,914885E+1
9,025000	9,915522E+1
9,030000	9,914503E+1
9,035000	9,912211E+1
9,040000	9,912593E+1
9,045000	9,912339E+1
9,050000	9,911193E+1
9,055000	9,910174E+1
9,060000	9,908519E+1
9,065000	9,908901E+1
9,070000	9,908646E+1
9,075000	9,908264E+1
9,080000	9,906736E+1
9,085000	9,905972E+1
9,090000	9,906609E+1
9,095000	9,904317E+1
9,100000	9,903935E+1
9,105000	9,905208E+1
9,110000	9,904190E+1
9,115000	9,902916E+1
9,120000	9,899988E+1
9,125000	9,900752E+1
9,130000	9,899988E+1
9,135000	9,898969E+1
9,140000	9,899351E+1
9,145000	9,900242E+1
9,150000	9,899479E+1
9,155000	9,896041E+1
9,160000	9,896932E+1
9,165000	9,897441E+1
9,170000	9,895277E+1
9,175000	9,892858E+1
9,180000	9,895149E+1
9,185000	9,893749E+1
9,190000	9,894385E+1
9,195000	9,890948E+1
9,200000	9,891202E+1
9,205000	9,891330E+1
9,210000	9,889547E+1
9,215000	9,888528E+1
9,220000	9,889674E+1
9,225000	9,889929E+1
9,230000	9,887892E+1
9,235000	9,885727E+1
9,240000	9,885982E+1
9,245000	9,886109E+1
9,250000	9,885855E+1
9,255000	9,882035E+1
9,260000	9,883690E+1
9,265000	9,886109E+1
9,270000	9,881143E+1
9,275000	9,881653E+1
9,280000	9,881016E+1
9,285000	9,880252E+1
9,290000	9,880125E+1
9,295000	9,878724E+1
9,300000	9,877578E+1
9,305000	9,878470E+1
9,310000	9,876942E+1
9,315000	9,875668E+1
9,320000	9,875286E+1
9,325000	9,875923E+1
9,330000	9,875286E+1
9,335000	9,873886E+1
9,340000	9,874013E+1
9,345000	9,872485E+1
9,350000	9,872613E+1
9,355000	9,870321E+1
9,360000	9,869047E+1
9,365000	9,870957E+1
9,370000	9,870703E+1
9,375000	9,868793E+1
9,380000	9,868538E+1
9,385000	9,868793E+1
9,390000	9,867010E+1
9,395000	9,864973E+1
9,400000	9,867265E+1
9,405000	9,866246E+1
9,410000	9,865482E+1
9,415000	9,865228E+1
9,420000	9,863827E+1
9,425000	9,864591E+1
9,430000	9,862936E+1
9,435000	9,862299E+1
9,440000	9,863063E+1
9,445000	9,864464E+1
9,450000	9,862936E+1
9,455000	9,860262E+1
9,460000	9,858097E+1
9,465000	9,859371E+1
9,470000	9,857970E+1
9,475000	9,856951E+1
9,480000	9,857588E+1
9,485000	9,857970E+1
9,490000	9,857333E+1
9,495000	9,856824E+1
9,500000	9,855042E+1
9,505000	9,855551E+1
9,510000	9,854405E+1
9,515000	9,854405E+1
9,520000	9,854660E+1
9,525000	9,854660E+1
9,530000	9,853641E+1
9,535000	9,851476E+1
9,540000	9,851986E+1
9,545000	9,849948E+1
9,550000	9,849567E+1
9,555000	9,849694E+1
9,560000	9,851222E+1
9,565000	9,850585E+1
9,570000	9,848166E+1
9,575000	9,847020E+1
9,580000	9,848166E+1
9,585000	9,847529E+1
9,590000	9,846511E+1
9,595000	9,846256E+1
9,600000	9,846256E+1
9,605000	9,846001E+1
9,610000	9,844855E+1
9,615000	9,842818E+1
9,620000	9,842309E+1
9,625000	9,844346E+1
9,630000	9,842946E+1
9,635000	9,841672E+1
9,640000	9,841545E+1
9,645000	9,842054E+1
9,650000	9,841036E+1
9,655000	9,840272E+1
9,660000	9,839635E+1
9,665000	9,839762E+1
9,670000	9,838234E+1
9,675000	9,836452E+1
9,680000	9,837852E+1
9,685000	9,838871E+1
9,690000	9,837470E+1
9,695000	9,836070E+1
9,700000	9,834924E+1
9,705000	9,834669E+1
9,710000	9,834033E+1
9,715000	9,832377E+1
9,720000	9,831868E+1
9,725000	9,833014E+1
9,730000	9,832759E+1
9,735000	9,831486E+1
9,740000	9,830977E+1
9,745000	9,830086E+1
9,750000	9,829067E+1
9,755000	9,830086E+1
9,760000	9,828558E+1
9,765000	9,830213E+1
9,770000	9,826775E+1
9,775000	9,824610E+1
9,780000	9,826902E+1
9,785000	9,825629E+1
9,790000	9,824229E+1
9,795000	9,825884E+1
9,800000	9,824101E+1
9,805000	9,822955E+1
9,810000	9,821682E+1
9,815000	9,821045E+1
9,820000	9,821045E+1
9,825000	9,822319E+1
9,830000	9,821173E+1
9,835000	9,819772E+1
9,840000	9,818881E+1
9,845000	9,819135E+1
9,850000	9,817735E+1
9,855000	9,816334E+1
9,860000	9,817480E+1
9,865000	9,814679E+1
9,870000	9,816462E+1
9,875000	9,814170E+1
9,880000	9,816207E+1
9,885000	9,814934E+1
9,890000	9,812132E+1
9,895000	9,813151E+1
9,900000	9,812514E+1
9,905000	9,811623E+1
9,910000	9,811241E+1
9,915000	9,810477E+1
9,920000	9,810987E+1
9,925000	9,810987E+1
9,930000	9,808695E+1
9,935000	9,808567E+1
9,940000	9,808949E+1
9,945000	9,809077E+1
9,950000	9,807931E+1
9,955000	9,806275E+1
9,960000	9,805766E+1
9,965000	9,805512E+1
9,970000	9,805639E+1
9,975000	9,803984E+1
9,980000	9,803602E+1
9,985000	9,804111E+1
9,990000	9,803474E+1
9,995000	9,802074E+1
10,000000	9,802838E+1
10,005000	9,802710E+1
10,010000	9,800673E+1
10,015000	9,799273E+1
10,020000	9,800928E+1
10,025000	9,800673E+1
10,030000	9,799654E+1
10,035000	9,799273E+1
10,040000	9,799400E+1
10,045000	9,798636E+1
10,050000	9,797363E+1
10,055000	9,796089E+1
10,060000	9,797745E+1
10,065000	9,798636E+1
10,070000	9,796599E+1
10,075000	9,795071E+1
10,080000	9,795580E+1
10,085000	9,795325E+1
10,090000	9,793670E+1
10,095000	9,793415E+1
10,100000	9,794052E+1
10,105000	9,794943E+1
10,110000	9,791378E+1
10,115000	9,790742E+1
10,120000	9,791124E+1
10,125000	9,790232E+1
10,130000	9,789850E+1
10,135000	9,789214E+1
10,140000	9,790232E+1
10,145000	9,789214E+1
10,150000	9,789214E+1
10,155000	9,787813E+1
10,160000	9,787431E+1
10,165000	9,788577E+1
10,170000	9,788704E+1
10,175000	9,786413E+1
10,180000	9,786031E+1
10,185000	9,786285E+1
10,190000	9,783866E+1
10,195000	9,784630E+1
10,200000	9,784630E+1
10,205000	9,784757E+1
10,210000	9,782083E+1
10,215000	9,781956E+1
10,220000	9,783102E+1
10,225000	9,783739E+1
10,230000	9,780683E+1
10,235000	9,781319E+1
10,240000	9,780301E+1
10,245000	9,779282E+1
10,250000	9,779028E+1
10,255000	9,778646E+1
10,260000	9,778773E+1
10,265000	9,777882E+1
10,270000	9,777882E+1
10,275000	9,776736E+1
10,280000	9,777372E+1
10,285000	9,776863E+1
10,290000	9,771897E+1
10,295000	9,775590E+1
10,300000	9,775208E+1
10,305000	9,775590E+1
10,310000	9,773298E+1
10,315000	9,772152E+1
10,320000	9,772407E+1
10,325000	9,773298E+1
10,330000	9,771897E+1
10,335000	9,770879E+1
10,340000	9,770497E+1
10,345000	9,770624E+1
10,350000	9,770624E+1
10,355000	9,768841E+1
10,360000	9,768714E+1
10,365000	9,768969E+1
10,370000	9,767823E+1
10,375000	9,767186E+1
10,380000	9,767314E+1
10,385000	9,768714E+1
10,390000	9,766168E+1
10,395000	9,765149E+1
10,400000	9,766040E+1
10,405000	9,765149E+1
10,410000	9,764003E+1
10,415000	9,763366E+1
10,420000	9,764767E+1
10,425000	9,763748E+1
10,430000	9,761838E+1
10,435000	9,760693E+1
10,440000	9,763112E+1
10,445000	9,762602E+1
10,450000	9,759929E+1
10,455000	9,757764E+1
10,460000	9,760183E+1
10,465000	9,760311E+1
10,470000	9,757891E+1
10,475000	9,756745E+1
10,480000	9,757127E+1
10,485000	9,756873E+1
10,490000	9,756109E+1
10,495000	9,756618E+1
10,500000	9,755345E+1
10,505000	9,754836E+1
10,510000	9,753817E+1
10,515000	9,753435E+1
10,520000	9,755090E+1
10,525000	9,752416E+1
10,530000	9,753944E+1
10,535000	9,750634E+1
10,540000	9,751525E+1
10,545000	9,754072E+1
10,550000	9,750252E+1
10,555000	9,750761E+1
10,560000	9,750124E+1
10,565000	9,749870E+1
10,570000	9,748979E+1
10,575000	9,747323E+1
10,580000	9,749488E+1
10,585000	9,748469E+1
10,590000	9,745795E+1
10,595000	9,746305E+1
10,600000	9,746559E+1
10,605000	9,747578E+1
10,610000	9,744140E+1
10,615000	9,744904E+1
10,620000	9,744140E+1
10,625000	9,744140E+1
10,630000	9,743885E+1
10,635000	9,743121E+1
10,640000	9,743249E+1
10,645000	9,742994E+1
10,650000	9,742358E+1
10,655000	9,742103E+1
10,660000	9,742994E+1
10,665000	9,742994E+1
10,670000	9,740066E+1
10,675000	9,739556E+1
10,680000	9,741466E+1
10,685000	9,740066E+1
10,690000	9,737901E+1
10,695000	9,737392E+1
10,700000	9,738028E+1
10,705000	9,737137E+1
10,710000	9,737774E+1
10,715000	9,737392E+1
10,720000	9,738028E+1
10,725000	9,737264E+1
10,730000	9,734591E+1
10,735000	9,734973E+1
10,740000	9,734845E+1
10,745000	9,734718E+1
10,750000	9,733317E+1
10,755000	9,733317E+1
10,760000	9,735100E+1
10,765000	9,733063E+1
10,770000	9,732044E+1
10,775000	9,731789E+1
10,780000	9,731025E+1
10,785000	9,732426E+1
10,790000	9,732044E+1
10,795000	9,730262E+1
10,800000	9,730134E+1
10,805000	9,730771E+1
10,810000	9,726951E+1
10,815000	9,727333E+1
10,820000	9,728861E+1
10,825000	9,727460E+1
10,830000	9,727206E+1
10,835000	9,727078E+1
10,840000	9,726314E+1
10,845000	9,724914E+1
10,850000	9,725550E+1
10,855000	9,723768E+1
10,860000	9,724277E+1
10,865000	9,723768E+1
10,870000	9,722495E+1
10,875000	9,722495E+1
10,880000	9,723386E+1
10,885000	9,722877E+1
10,890000	9,721094E+1
10,895000	9,719821E+1
10,900000	9,720967E+1
10,905000	9,721858E+1
10,910000	9,720075E+1
10,915000	9,720203E+1
10,920000	9,719693E+1
10,925000	9,719184E+1
10,930000	9,717529E+1
10,935000	9,717274E+1
10,940000	9,717911E+1
10,945000	9,718547E+1
10,950000	9,717274E+1
10,955000	9,716383E+1
10,960000	9,716892E+1
10,965000	9,715364E+1
10,970000	9,713200E+1
10,975000	9,714091E+1
10,980000	9,715237E+1
10,985000	9,714855E+1
10,990000	9,713836E+1
10,995000	9,713200E+1
11,000000	9,713454E+1
11,005000	9,712181E+1
11,010000	9,710271E+1
11,015000	9,710653E+1
11,020000	9,712690E+1
11,025000	9,712690E+1
11,030000	9,711672E+1
11,035000	9,709635E+1
11,040000	9,712054E+1
11,045000	9,710781E+1
11,050000	9,707852E+1
11,055000	9,708743E+1
11,060000	9,711290E+1
11,065000	9,709125E+1
11,070000	9,707088E+1
11,075000	9,705560E+1
11,080000	9,705815E+1
11,085000	9,706069E+1
11,090000	9,706069E+1
11,095000	9,704924E+1
11,100000	9,705815E+1
11,105000	9,705051E+1
11,110000	9,703778E+1
11,115000	9,700340E+1
11,120000	9,704669E+1
11,125000	9,702759E+1
11,130000	9,701486E+1
11,135000	9,701995E+1
11,140000	9,702122E+1
11,145000	9,701995E+1
11,150000	9,699448E+1
11,155000	9,698939E+1
11,160000	9,700340E+1
11,165000	9,700085E+1
11,170000	9,698812E+1
11,175000	9,698175E+1
11,180000	9,697793E+1
11,185000	9,697029E+1
11,190000	9,695501E+1
11,195000	9,696393E+1
11,200000	9,695756E+1
11,205000	9,696647E+1
11,210000	9,693591E+1
11,215000	9,692573E+1
11,220000	9,694865E+1
11,225000	9,694865E+1
11,230000	9,693082E+1
11,235000	9,690918E+1
11,240000	9,692191E+1
11,245000	9,691936E+1
11,250000	9,690281E+1
11,255000	9,691554E+1
11,260000	9,692700E+1
11,265000	9,689008E+1
11,270000	9,688116E+1
11,275000	9,689135E+1
11,280000	9,689517E+1
11,285000	9,689135E+1
11,290000	9,687607E+1
11,295000	9,687607E+1
11,300000	9,687352E+1
11,305000	9,687480E+1
11,310000	9,685952E+1
11,315000	9,684551E+1
11,320000	9,685952E+1
11,325000	9,683533E+1
11,330000	9,681495E+1
11,335000	9,685443E+1
11,340000	9,683405E+1
11,345000	9,682259E+1
11,350000	9,680222E+1
11,355000	9,682005E+1
11,360000	9,684551E+1
11,365000	9,682514E+1
11,370000	9,678694E+1
11,375000	9,678058E+1
11,380000	9,680095E+1
11,385000	9,679458E+1
11,390000	9,678440E+1
11,395000	9,678185E+1
11,400000	9,677803E+1
11,405000	9,677676E+1
11,410000	9,676784E+1
11,415000	9,676148E+1
11,420000	9,676402E+1
11,425000	9,675893E+1
11,430000	9,673983E+1
11,435000	9,673219E+1
11,440000	9,672837E+1
11,445000	9,674238E+1
11,450000	9,671564E+1
11,455000	9,672965E+1
11,460000	9,672965E+1
11,465000	9,672965E+1
11,470000	9,671182E+1
11,475000	9,671691E+1
11,480000	9,670036E+1
11,485000	9,669781E+1
11,490000	9,669145E+1
11,495000	9,669909E+1
11,500000	9,669909E+1
11,505000	9,669399E+1
11,510000	9,666471E+1
11,515000	9,666980E+1
11,520000	9,668253E+1
11,525000	9,666089E+1
11,530000	9,664434E+1
11,535000	9,664052E+1
11,540000	9,667362E+1
11,545000	9,665325E+1
11,550000	9,664052E+1
11,555000	9,663033E+1
11,560000	9,664943E+1
11,565000	9,665325E+1
11,570000	9,662906E+1
11,575000	9,659595E+1
11,580000	9,663033E+1
11,585000	9,660741E+1
11,590000	9,660487E+1
11,595000	9,660105E+1
11,600000	9,662778E+1
11,605000	9,661632E+1
11,610000	9,656794E+1
11,615000	9,659723E+1
11,620000	9,658959E+1
11,625000	9,658067E+1
11,630000	9,658959E+1
11,635000	9,656921E+1
11,640000	9,656667E+1
11,645000	9,656794E+1
11,650000	9,655903E+1
11,655000	9,654248E+1
11,660000	9,657049E+1
11,665000	9,656030E+1
11,670000	9,653356E+1
11,675000	9,651064E+1
11,680000	9,653484E+1
11,685000	9,653738E+1
11,690000	9,651192E+1
11,695000	9,650555E+1
11,700000	9,651828E+1
11,705000	9,651574E+1
11,710000	9,648645E+1
11,715000	9,649918E+1
11,720000	9,651064E+1
11,725000	9,649791E+1
11,730000	9,648518E+1
11,735000	9,647499E+1
11,740000	9,649791E+1
11,745000	9,648009E+1
11,750000	9,646481E+1
11,755000	9,644316E+1
11,760000	9,646481E+1
11,765000	9,646735E+1
11,770000	9,644698E+1
11,775000	9,644698E+1
11,780000	9,643807E+1
11,785000	9,643552E+1
11,790000	9,643297E+1
11,795000	9,641388E+1
11,800000	9,642915E+1
11,805000	9,644189E+1
11,810000	9,639605E+1
11,815000	9,639860E+1
11,820000	9,640878E+1
11,825000	9,640496E+1
11,830000	9,638841E+1
11,835000	9,638204E+1
11,840000	9,640114E+1
11,845000	9,638841E+1
11,850000	9,638204E+1
11,855000	9,637440E+1
11,860000	9,636549E+1
11,865000	9,636422E+1
11,870000	9,635531E+1
11,875000	9,636167E+1
11,880000	9,638204E+1
11,885000	9,635785E+1
11,890000	9,633239E+1
11,895000	9,635149E+1
11,900000	9,636294E+1
11,905000	9,634639E+1
11,910000	9,632347E+1
11,915000	9,633239E+1
11,920000	9,633748E+1
11,925000	9,632347E+1
11,930000	9,631329E+1
11,935000	9,632729E+1
11,940000	9,631838E+1
11,945000	9,629292E+1
11,950000	9,628782E+1
11,955000	9,629801E+1
11,960000	9,629928E+1
11,965000	9,630947E+1
11,970000	9,629928E+1
11,975000	9,628273E+1
11,980000	9,626618E+1
11,985000	9,626872E+1
11,990000	9,627509E+1
11,995000	9,627891E+1
12,000000	9,627254E+1
12,005000	9,625726E+1
12,010000	9,625344E+1
12,015000	9,626490E+1
12,020000	9,626872E+1
12,025000	9,627000E+1
12,030000	9,623562E+1
12,035000	9,622925E+1
12,040000	9,625472E+1
12,045000	9,625981E+1
12,050000	9,622289E+1
12,055000	9,624326E+1
12,060000	9,625090E+1
12,065000	9,622543E+1
12,070000	9,621525E+1
12,075000	9,622798E+1
12,080000	9,622416E+1
12,085000	9,621907E+1
12,090000	9,620633E+1
12,095000	9,621015E+1
12,100000	9,621525E+1
12,105000	9,619487E+1
12,110000	9,617832E+1
12,115000	9,617450E+1
12,120000	9,620124E+1
12,125000	9,619869E+1
12,130000	9,618341E+1
12,135000	9,618851E+1
12,140000	9,619360E+1
12,145000	9,618469E+1
12,150000	9,613885E+1
12,155000	9,617959E+1
12,160000	9,616814E+1
12,165000	9,615031E+1
12,170000	9,615540E+1
12,175000	9,616814E+1
12,180000	9,616686E+1
12,185000	9,615031E+1
12,190000	9,614394E+1
12,195000	9,616432E+1
12,200000	9,615668E+1
12,205000	9,613503E+1
12,210000	9,612357E+1
12,215000	9,612102E+1
12,220000	9,613121E+1
12,225000	9,611084E+1
12,230000	9,612484E+1
12,235000	9,612230E+1
12,240000	9,613630E+1
12,245000	9,610575E+1
12,250000	9,609683E+1
12,255000	9,611338E+1
12,260000	9,611720E+1
12,265000	9,609429E+1
12,270000	9,610320E+1
12,275000	9,609047E+1
12,280000	9,610193E+1
12,285000	9,608919E+1
12,290000	9,608410E+1
12,295000	9,608283E+1
12,300000	9,608410E+1
12,305000	9,608155E+1
12,310000	9,605227E+1
12,315000	9,607391E+1
12,320000	9,607519E+1
12,325000	9,605863E+1
12,330000	9,605991E+1
12,335000	9,606500E+1
12,340000	9,607773E+1
12,345000	9,604336E+1
12,350000	9,605609E+1
12,355000	9,604081E+1
12,360000	9,605481E+1
12,365000	9,605481E+1
12,370000	9,603190E+1
12,375000	9,605227E+1
12,380000	9,604208E+1
12,385000	9,601789E+1
12,390000	9,602426E+1
12,395000	9,602808E+1
12,400000	9,604717E+1
12,405000	9,601916E+1
12,410000	9,601152E+1
12,415000	9,601407E+1
12,420000	9,601280E+1
12,425000	9,600516E+1
12,430000	9,600006E+1
12,435000	9,602935E+1
12,440000	9,601662E+1
12,445000	9,600516E+1
12,450000	9,598224E+1
12,455000	9,600006E+1
12,460000	9,599624E+1
12,465000	9,599370E+1
12,470000	9,597969E+1
12,475000	9,599624E+1
12,480000	9,598733E+1
12,485000	9,597333E+1
12,490000	9,597587E+1
12,495000	9,598478E+1
12,500000	9,597969E+1
12,505000	9,597333E+1
12,510000	9,595041E+1
12,515000	9,596951E+1
12,520000	9,597078E+1
12,525000	9,596314E+1
12,530000	9,595550E+1
12,535000	9,596059E+1
12,540000	9,595932E+1
12,545000	9,595805E+1
12,550000	9,594149E+1
12,555000	9,594531E+1
12,560000	9,594149E+1
12,565000	9,592494E+1
12,570000	9,593258E+1
12,575000	9,592749E+1
12,580000	9,593767E+1
12,585000	9,592494E+1
12,590000	9,592112E+1
12,595000	9,590584E+1
12,600000	9,592239E+1
12,605000	9,591730E+1
12,610000	9,590330E+1
12,615000	9,591348E+1
12,620000	9,591476E+1
12,625000	9,589566E+1
12,630000	9,589948E+1
12,635000	9,590966E+1
12,640000	9,590457E+1
12,645000	9,589056E+1
12,650000	9,588038E+1
12,655000	9,588420E+1
12,660000	9,590075E+1
12,665000	9,588165E+1
12,670000	9,586255E+1
12,675000	9,587656E+1
12,680000	9,588929E+1
12,685000	9,586637E+1
12,690000	9,584982E+1
12,695000	9,586764E+1
12,700000	9,586128E+1
12,705000	9,584218E+1
12,710000	9,585109E+1
12,715000	9,584727E+1
12,720000	9,585873E+1
12,725000	9,582817E+1
12,730000	9,582435E+1
12,735000	9,584091E+1
12,740000	9,583454E+1
12,745000	9,583709E+1
12,750000	9,582181E+1
12,755000	9,582945E+1
12,760000	9,583327E+1
12,765000	9,581035E+1
12,770000	9,580016E+1
12,775000	9,580780E+1
12,780000	9,581417E+1
12,785000	9,580907E+1
12,790000	9,578361E+1
12,795000	9,579761E+1
12,800000	9,579125E+1
12,805000	9,577470E+1
12,810000	9,576706E+1
12,815000	9,578234E+1
12,820000	9,577852E+1
12,825000	9,576960E+1
12,830000	9,575560E+1
12,835000	9,576833E+1
12,840000	9,575432E+1
12,845000	9,574286E+1
12,850000	9,574796E+1
12,855000	9,575814E+1
12,860000	9,576706E+1
12,865000	9,574159E+1
12,870000	9,573268E+1
12,875000	9,574541E+1
12,880000	9,574159E+1
12,885000	9,572122E+1
12,890000	9,570594E+1
12,895000	9,573141E+1
12,900000	9,572631E+1
12,905000	9,572377E+1
12,910000	9,572122E+1
12,915000	9,571613E+1
12,920000	9,570849E+1
12,925000	9,570467E+1
12,930000	9,570212E+1
12,935000	9,569957E+1
12,940000	9,570721E+1
12,945000	9,568429E+1
12,950000	9,567920E+1
12,955000	9,567029E+1
12,960000	9,569321E+1
12,965000	9,568557E+1
12,970000	9,566901E+1
12,975000	9,566520E+1
12,980000	9,567793E+1
12,985000	9,566265E+1
12,990000	9,566520E+1
12,995000	9,568429E+1
13,000000	9,567665E+1
13,005000	9,566010E+1
13,010000	9,566520E+1
13,015000	9,565246E+1
13,020000	9,565756E+1
13,025000	9,567156E+1
13,030000	9,564610E+1
13,035000	9,563846E+1
13,040000	9,564992E+1
13,045000	9,564864E+1
13,050000	9,564100E+1
13,055000	9,563591E+1
13,060000	9,564992E+1
13,065000	9,563846E+1
13,070000	9,563591E+1
13,075000	9,564737E+1
13,080000	9,563973E+1
13,085000	9,562318E+1
13,090000	9,561172E+1
13,095000	9,561426E+1
13,100000	9,565246E+1
13,105000	9,562827E+1
13,110000	9,561554E+1
13,115000	9,562572E+1
13,120000	9,562827E+1
13,125000	9,561172E+1
13,130000	9,558498E+1
13,135000	9,561299E+1
13,140000	9,561808E+1
13,145000	9,561044E+1
13,150000	9,559262E+1
13,155000	9,562063E+1
13,160000	9,562318E+1
13,165000	9,558625E+1
13,170000	9,559644E+1
13,175000	9,560026E+1
13,180000	9,561172E+1
13,185000	9,559007E+1
13,190000	9,559135E+1
13,195000	9,559517E+1
13,200000	9,558880E+1
13,205000	9,557989E+1
13,210000	9,558116E+1
13,215000	9,558498E+1
13,220000	9,559007E+1
13,225000	9,556970E+1
13,230000	9,557097E+1
13,235000	9,559135E+1
13,240000	9,559262E+1
13,245000	9,557734E+1
13,250000	9,557734E+1
13,255000	9,558116E+1
13,260000	9,557989E+1
13,265000	9,556970E+1
13,270000	9,556843E+1
13,275000	9,557607E+1
13,280000	9,557734E+1
13,285000	9,558371E+1
13,290000	9,557607E+1
13,295000	9,556588E+1
13,300000	9,556079E+1
13,305000	9,556970E+1
13,310000	9,557989E+1
13,315000	9,560408E+1
13,320000	9,559262E+1
13,325000	9,557607E+1
13,330000	9,557607E+1
13,335000	9,559007E+1
13,340000	9,559007E+1
13,345000	9,557989E+1
13,350000	9,558371E+1
13,355000	9,560026E+1
13,360000	9,559899E+1
13,365000	9,559007E+1
13,370000	9,558243E+1
13,375000	9,559771E+1
13,380000	9,559771E+1
13,385000	9,559771E+1
13,390000	9,558753E+1
13,395000	9,559771E+1
13,400000	9,560153E+1
13,405000	9,559771E+1
13,410000	9,559389E+1
13,415000	9,559517E+1
13,420000	9,559262E+1
13,425000	9,560662E+1
13,430000	9,561299E+1
13,435000	9,561554E+1
13,440000	9,560662E+1
13,445000	9,559007E+1
13,450000	9,561426E+1
13,455000	9,562572E+1
13,460000	9,562700E+1
13,465000	9,560408E+1
13,470000	9,560535E+1
13,475000	9,562954E+1
13,480000	9,561681E+1
13,485000	9,560790E+1
13,490000	9,561044E+1
13,495000	9,563973E+1
13,500000	9,561936E+1
13,505000	9,561681E+1
13,510000	9,561426E+1
13,515000	9,562827E+1
13,520000	9,562827E+1
13,525000	9,560790E+1
13,530000	9,560281E+1
13,535000	9,562572E+1
13,540000	9,563718E+1
13,545000	9,563718E+1
13,550000	9,561808E+1
13,555000	9,562445E+1
13,560000	9,562954E+1
13,565000	9,562572E+1
13,570000	9,562700E+1
13,575000	9,562700E+1
13,580000	9,563718E+1
13,585000	9,562954E+1
13,590000	9,561426E+1
13,595000	9,563973E+1
13,600000	9,564355E+1
13,605000	9,564100E+1
13,610000	9,564100E+1
13,615000	9,563209E+1
13,620000	9,564355E+1
13,625000	9,565374E+1
13,630000	9,563591E+1
13,635000	9,565374E+1
13,640000	9,563464E+1
13,645000	9,563973E+1
13,650000	9,564355E+1
13,655000	9,565119E+1
13,660000	9,565756E+1
13,665000	9,564482E+1
13,670000	9,564228E+1
13,675000	9,565756E+1
13,680000	9,565756E+1
13,685000	9,564100E+1
13,690000	9,563718E+1
13,695000	9,565374E+1
13,700000	9,566265E+1
13,705000	9,564610E+1
13,710000	9,564228E+1
13,715000	9,566774E+1
13,720000	9,566901E+1
13,725000	9,565883E+1
13,730000	9,564610E+1
13,735000	9,565119E+1
13,740000	9,566138E+1
13,745000	9,565628E+1
13,750000	9,567283E+1
13,755000	9,567283E+1
13,760000	9,566774E+1
13,765000	9,565501E+1
13,770000	9,566774E+1
13,775000	9,567920E+1
13,780000	9,567411E+1
13,785000	9,564992E+1
13,790000	9,565246E+1
13,795000	9,567029E+1
13,800000	9,567538E+1
13,805000	9,567156E+1
13,810000	9,566010E+1
13,815000	9,568047E+1
13,820000	9,567920E+1
13,825000	9,566265E+1
13,830000	9,567411E+1
13,835000	9,568302E+1
13,840000	9,567156E+1
13,845000	9,565246E+1
13,850000	9,564737E+1
13,855000	9,568811E+1
13,860000	9,569193E+1
13,865000	9,567156E+1
13,870000	9,568302E+1
13,875000	9,570339E+1
13,880000	9,568557E+1
13,885000	9,567920E+1
13,890000	9,568047E+1
13,895000	9,569066E+1
13,900000	9,570849E+1
13,905000	9,568811E+1
13,910000	9,568811E+1
13,915000	9,568175E+1
13,920000	9,568811E+1
13,925000	9,569830E+1
13,930000	9,570594E+1
13,935000	9,571231E+1
13,940000	9,569703E+1
13,945000	9,568047E+1
13,950000	9,568811E+1
13,955000	9,570339E+1
13,960000	9,570594E+1
13,965000	9,570212E+1
13,970000	9,570339E+1
13,975000	9,570976E+1
13,980000	9,570976E+1
13,985000	9,569575E+1
13,990000	9,569193E+1
13,995000	9,570339E+1
14,000000	9,570339E+1
14,005000	9,568811E+1
14,010000	9,569703E+1
14,015000	9,573141E+1
14,020000	9,572249E+1
14,025000	9,570467E+1
14,030000	9,569321E+1
14,035000	9,571103E+1
14,040000	9,571358E+1
14,045000	9,571740E+1
14,050000	9,571485E+1
14,055000	9,572377E+1
14,060000	9,571995E+1
14,065000	9,570976E+1
14,070000	9,571995E+1
14,075000	9,574414E+1
14,080000	9,571740E+1
14,085000	9,571103E+1
14,090000	9,572249E+1
14,095000	9,572504E+1
14,100000	9,572377E+1
14,105000	9,570721E+1
14,110000	9,572886E+1
14,115000	9,575178E+1
14,120000	9,574796E+1
14,125000	9,572759E+1
14,130000	9,572249E+1
14,135000	9,575178E+1
14,140000	9,572122E+1
14,145000	9,573141E+1
14,150000	9,572504E+1
14,155000	9,573904E+1
14,160000	9,573522E+1
14,165000	9,572631E+1
14,170000	9,574032E+1
14,175000	9,574541E+1
14,180000	9,575814E+1
14,185000	9,575050E+1
14,190000	9,573522E+1
14,195000	9,574032E+1
14,200000	9,574286E+1
14,205000	9,574414E+1
14,210000	9,574286E+1
14,215000	9,576706E+1
14,220000	9,574668E+1
14,225000	9,574414E+1
14,230000	9,574286E+1
14,235000	9,574923E+1
14,240000	9,575814E+1
14,245000	9,573650E+1
14,250000	9,574796E+1
14,255000	9,576069E+1
14,260000	9,576324E+1
14,265000	9,574414E+1
14,270000	9,574159E+1
14,275000	9,575050E+1
14,280000	9,575178E+1
14,285000	9,574032E+1
14,290000	9,578106E+1
14,295000	9,577724E+1
14,300000	9,576578E+1
14,305000	9,575178E+1
14,310000	9,575432E+1
14,315000	9,576196E+1
14,320000	9,576196E+1
14,325000	9,574414E+1
14,330000	9,577088E+1
14,335000	9,578234E+1
14,340000	9,576324E+1
14,345000	9,574796E+1
14,350000	9,576324E+1
14,355000	9,577088E+1
14,360000	9,576324E+1
14,365000	9,575305E+1
14,370000	9,575942E+1
14,375000	9,577852E+1
14,380000	9,578106E+1
14,385000	9,576706E+1
14,390000	9,577342E+1
14,395000	9,576960E+1
14,400000	9,577342E+1
14,405000	9,575814E+1
14,410000	9,577342E+1
14,415000	9,579125E+1
14,420000	9,578361E+1
14,425000	9,576960E+1
14,430000	9,577852E+1
14,435000	9,575178E+1
14,440000	9,578870E+1
14,445000	9,578743E+1
14,450000	9,578106E+1
14,455000	9,578616E+1
14,460000	9,577979E+1
14,465000	9,575687E+1
14,470000	9,578361E+1
14,475000	9,581035E+1
14,480000	9,577470E+1
14,485000	9,574032E+1
14,490000	9,578998E+1
14,495000	9,579507E+1
14,500000	9,578106E+1
14,505000	9,578488E+1
14,510000	9,578361E+1
14,515000	9,578998E+1
14,520000	9,581417E+1
14,525000	9,578870E+1
14,530000	9,578743E+1
14,535000	9,580398E+1
14,540000	9,579507E+1
14,545000	9,577215E+1
14,550000	9,578870E+1
14,555000	9,580143E+1
14,560000	9,578998E+1
14,565000	9,578870E+1
14,570000	9,579889E+1
14,575000	9,581544E+1
14,580000	9,581035E+1
14,585000	9,579125E+1
14,590000	9,578870E+1
14,595000	9,579125E+1
14,600000	9,578998E+1
14,605000	9,578743E+1
14,610000	9,579634E+1
14,615000	9,580653E+1
14,620000	9,579380E+1
14,625000	9,579125E+1
14,630000	9,584982E+1
14,635000	9,580907E+1
14,640000	9,579761E+1
14,645000	9,579125E+1
14,650000	9,578870E+1
14,655000	9,582053E+1
14,660000	9,581544E+1
14,665000	9,579889E+1
14,670000	9,583327E+1
14,675000	9,579507E+1
14,680000	9,581035E+1
14,685000	9,578106E+1
14,690000	9,582563E+1
14,695000	9,582053E+1
14,700000	9,580653E+1
14,705000	9,581162E+1
14,710000	9,581544E+1
14,715000	9,582435E+1
14,720000	9,583199E+1
14,725000	9,580398E+1
14,730000	9,581289E+1
14,735000	9,582945E+1
14,740000	9,583199E+1
14,745000	9,581289E+1
14,750000	9,583709E+1
14,755000	9,580780E+1
14,760000	9,581544E+1
14,765000	9,580271E+1
14,770000	9,581926E+1
14,775000	9,583072E+1
14,780000	9,582945E+1
14,785000	9,582053E+1
14,790000	9,579380E+1
14,795000	9,585237E+1
14,800000	9,581544E+1
14,805000	9,582563E+1
14,810000	9,582435E+1
14,815000	9,583327E+1
14,820000	9,582817E+1
14,825000	9,582308E+1
14,830000	9,583327E+1
14,835000	9,583581E+1
14,840000	9,582945E+1
14,845000	9,582308E+1
14,850000	9,583327E+1
14,855000	9,584218E+1
14,860000	9,582053E+1
14,865000	9,582053E+1
14,870000	9,584345E+1
14,875000	9,584600E+1
14,880000	9,583199E+1
14,885000	9,582435E+1
14,890000	9,584091E+1
14,895000	9,584091E+1
14,900000	9,583072E+1
14,905000	9,583072E+1
14,910000	9,584218E+1
14,915000	9,586000E+1
14,920000	9,583836E+1
14,925000	9,583836E+1
14,930000	9,583709E+1
14,935000	9,584218E+1
14,940000	9,584345E+1
14,945000	9,583199E+1
14,950000	9,583327E+1
14,955000	9,584600E+1
14,960000	9,583581E+1
14,965000	9,584727E+1
14,970000	9,584982E+1
14,975000	9,585109E+1
14,980000	9,584727E+1
14,985000	9,583963E+1
14,990000	9,584345E+1
14,995000	9,586764E+1
15,000000	9,584855E+1
15,005000	9,583963E+1
15,010000	9,585746E+1
15,015000	9,586000E+1
15,020000	9,586000E+1
15,025000	9,583454E+1
15,030000	9,584600E+1
15,035000	9,587019E+1
15,040000	9,584727E+1
15,045000	9,585746E+1
15,050000	9,585619E+1
15,055000	9,585619E+1
15,060000	9,585237E+1
15,065000	9,583454E+1
15,070000	9,585364E+1
15,075000	9,586128E+1
15,080000	9,589056E+1
15,085000	9,584091E+1
15,090000	9,586255E+1
15,095000	9,587783E+1
15,100000	9,584727E+1
15,105000	9,585746E+1
15,110000	9,586382E+1
15,115000	9,587274E+1
15,120000	9,586637E+1
15,125000	9,585109E+1
15,130000	9,588038E+1
15,135000	9,586255E+1
15,140000	9,587783E+1
15,145000	9,584727E+1
15,150000	9,586000E+1
15,155000	9,588420E+1
15,160000	9,586255E+1
15,165000	9,586892E+1
15,170000	9,586510E+1
15,175000	9,587274E+1
15,180000	9,586637E+1
15,185000	9,587274E+1
15,190000	9,587783E+1
15,195000	9,587783E+1
15,200000	9,585873E+1
15,205000	9,586764E+1
15,210000	9,587656E+1
15,215000	9,587910E+1
15,220000	9,587528E+1
15,225000	9,586892E+1
15,230000	9,588802E+1
15,235000	9,585619E+1
15,240000	9,591730E+1
15,245000	9,586382E+1
15,250000	9,587528E+1
15,255000	9,589056E+1
15,260000	9,587401E+1
15,265000	9,588674E+1
15,270000	9,588547E+1
15,275000	9,588547E+1
15,280000	9,586892E+1
15,285000	9,586637E+1
15,290000	9,588802E+1
15,295000	9,589056E+1
15,300000	9,587146E+1
15,305000	9,587656E+1
15,310000	9,588547E+1
15,315000	9,589566E+1
15,320000	9,588929E+1
15,325000	9,588547E+1
15,330000	9,589438E+1
15,335000	9,589693E+1
15,340000	9,588674E+1
15,345000	9,587656E+1
15,350000	9,590075E+1
15,355000	9,590202E+1
15,360000	9,590075E+1
15,365000	9,588038E+1
15,370000	9,589566E+1
15,375000	9,590457E+1
15,380000	9,588165E+1
15,385000	9,586892E+1
15,390000	9,589693E+1
15,395000	9,590584E+1
15,400000	9,589566E+1
15,405000	9,587401E+1
15,410000	9,588038E+1
15,415000	9,592239E+1
15,420000	9,589438E+1
15,425000	9,588929E+1
15,430000	9,590839E+1
15,435000	9,589820E+1
15,440000	9,590075E+1
15,445000	9,590712E+1
15,450000	9,589820E+1
15,455000	9,590075E+1
15,460000	9,590075E+1
15,465000	9,590330E+1
15,470000	9,590457E+1
15,475000	9,593895E+1
15,480000	9,587274E+1
15,485000	9,589948E+1
15,490000	9,590457E+1
15,495000	9,589820E+1
15,500000	9,593385E+1
15,505000	9,587656E+1
15,510000	9,591094E+1
15,515000	9,591858E+1
15,520000	9,590584E+1
15,525000	9,589693E+1
15,530000	9,590839E+1
15,535000	9,591094E+1
15,540000	9,590839E+1
15,545000	9,592367E+1
15,550000	9,590966E+1
15,555000	9,591985E+1
15,560000	9,591094E+1
15,565000	9,589820E+1
15,570000	9,592621E+1
15,575000	9,590584E+1
15,580000	9,589566E+1
15,585000	9,590330E+1
15,590000	9,591858E+1
15,595000	9,592112E+1
15,600000	9,591348E+1
15,605000	9,591094E+1
15,610000	9,593385E+1
15,615000	9,593767E+1
15,620000	9,589948E+1
15,625000	9,589566E+1
15,630000	9,591730E+1
15,635000	9,591221E+1
15,640000	9,590966E+1
15,645000	9,590457E+1
15,650000	9,591348E+1
15,655000	9,593767E+1
15,660000	9,590966E+1
15,665000	9,591348E+1
15,670000	9,593513E+1
15,675000	9,592494E+1
15,680000	9,591094E+1
15,685000	9,592112E+1
15,690000	9,592494E+1
15,695000	9,593131E+1
15,700000	9,592876E+1
15,705000	9,590202E+1
15,710000	9,592239E+1
15,715000	9,592112E+1
15,720000	9,591730E+1
15,725000	9,592367E+1
15,730000	9,593895E+1
15,735000	9,593258E+1
15,740000	9,593131E+1
15,745000	9,591858E+1
15,750000	9,591603E+1
15,755000	9,591348E+1
15,760000	9,591858E+1
15,765000	9,593258E+1
15,770000	9,595041E+1
15,775000	9,593385E+1
15,780000	9,592367E+1
15,785000	9,591858E+1
15,790000	9,594149E+1
15,795000	9,595677E+1
15,800000	9,591730E+1
15,805000	9,591858E+1
15,810000	9,592621E+1
15,815000	9,593131E+1
15,820000	9,593003E+1
15,825000	9,593258E+1
15,830000	9,593767E+1
15,835000	9,594659E+1
15,840000	9,593895E+1
15,845000	9,594149E+1
15,850000	9,593385E+1
15,855000	9,592876E+1
15,860000	9,597078E+1
15,865000	9,589438E+1
15,870000	9,594786E+1
15,875000	9,594022E+1
15,880000	9,594404E+1
15,885000	9,592749E+1
15,890000	9,594277E+1
15,895000	9,593640E+1
15,900000	9,593258E+1
15,905000	9,592749E+1
15,910000	9,594786E+1
15,915000	9,594404E+1
15,920000	9,593895E+1
15,925000	9,594149E+1
15,930000	9,594022E+1
15,935000	9,593895E+1
15,940000	9,595550E+1
15,945000	9,594531E+1
15,950000	9,594786E+1
15,955000	9,594277E+1
15,960000	9,594149E+1
15,965000	9,595041E+1
15,970000	9,594786E+1
15,975000	9,593385E+1
15,980000	9,593258E+1
15,985000	9,593131E+1
15,990000	9,599115E+1
15,995000	9,591730E+1
16,000000	9,597587E+1
16,005000	9,591221E+1
16,010000	9,595295E+1
16,015000	9,596569E+1
16,020000	9,593640E+1
16,025000	9,596059E+1
16,030000	9,596187E+1
16,035000	9,595550E+1
16,040000	9,595932E+1
16,045000	9,592876E+1
16,050000	9,595932E+1
16,055000	9,595932E+1
16,060000	9,594913E+1
16,065000	9,595295E+1
16,070000	9,595805E+1
16,075000	9,595805E+1
16,080000	9,595550E+1
16,085000	9,595550E+1
16,090000	9,595932E+1
16,095000	9,596696E+1
16,100000	9,595168E+1
16,105000	9,596187E+1
16,110000	9,594659E+1
16,115000	9,596187E+1
16,120000	9,595677E+1
16,125000	9,596187E+1
16,130000	9,596696E+1
16,135000	9,595805E+1
16,140000	9,595168E+1
16,145000	9,595041E+1
16,150000	9,595168E+1
16,155000	9,599752E+1
16,160000	9,596569E+1
16,165000	9,595677E+1
16,170000	9,596569E+1
16,175000	9,596314E+1
16,180000	9,594404E+1
16,185000	9,596187E+1
16,190000	9,597460E+1
16,195000	9,595932E+1
16,200000	9,594913E+1
16,205000	9,597205E+1
16,210000	9,599242E+1
16,215000	9,596696E+1
16,220000	9,594531E+1
16,225000	9,596314E+1
16,230000	9,597333E+1
16,235000	9,597460E+1
16,240000	9,596951E+1
16,245000	9,597460E+1
16,250000	9,598351E+1
16,255000	9,598733E+1
16,260000	9,596696E+1
16,265000	9,596059E+1
16,270000	9,598351E+1
16,275000	9,598478E+1
16,280000	9,596696E+1
16,285000	9,596569E+1
16,290000	9,598733E+1
16,295000	9,595932E+1
16,300000	9,595423E+1
16,305000	9,596696E+1
16,310000	9,597969E+1
16,315000	9,597842E+1
16,320000	9,596696E+1
16,325000	9,601789E+1
16,330000	9,594659E+1
16,335000	9,600643E+1
16,340000	9,596314E+1
16,345000	9,597205E+1
16,350000	9,598860E+1
16,355000	9,598478E+1
16,360000	9,598097E+1
16,365000	9,596569E+1
16,370000	9,598860E+1
16,375000	9,598733E+1
16,380000	9,596951E+1
16,385000	9,597715E+1
16,390000	9,597587E+1
16,395000	9,599115E+1
16,400000	9,597842E+1
16,405000	9,597969E+1
16,410000	9,598860E+1
16,415000	9,597842E+1
16,420000	9,597842E+1
16,425000	9,599242E+1
16,430000	9,600261E+1
16,435000	9,598224E+1
16,440000	9,596314E+1
16,445000	9,599370E+1
16,450000	9,597078E+1
16,455000	9,599242E+1
16,460000	9,599242E+1
16,465000	9,598606E+1
16,470000	9,598860E+1
16,475000	9,598351E+1
16,480000	9,597587E+1
16,485000	9,596951E+1
16,490000	9,598988E+1
16,495000	9,597587E+1
16,500000	9,598097E+1
16,505000	9,597460E+1
16,510000	9,598606E+1
16,515000	9,599624E+1
16,520000	9,598351E+1
16,525000	9,598988E+1
16,530000	9,600261E+1
16,535000	9,598224E+1
16,540000	9,597205E+1
16,545000	9,599879E+1
16,550000	9,599879E+1
16,555000	9,599115E+1
16,560000	9,598097E+1
16,565000	9,598478E+1
16,570000	9,599242E+1
16,575000	9,599752E+1
16,580000	9,597842E+1
16,585000	9,599497E+1
16,590000	9,599879E+1
16,595000	9,600770E+1
16,600000	9,598097E+1
16,605000	9,600388E+1
16,610000	9,601534E+1
16,615000	9,600261E+1
16,620000	9,599115E+1
16,625000	9,600516E+1
16,630000	9,600643E+1
16,635000	9,600643E+1
16,640000	9,597715E+1
16,645000	9,599370E+1
16,650000	9,601534E+1
16,655000	9,601025E+1
16,660000	9,600134E+1
16,665000	9,598606E+1
16,670000	9,600388E+1
16,675000	9,599115E+1
16,680000	9,599497E+1
16,685000	9,600516E+1
16,690000	9,601534E+1
16,695000	9,601152E+1
16,700000	9,600261E+1
16,705000	9,600388E+1
16,710000	9,600770E+1
16,715000	9,596951E+1
16,720000	9,598988E+1
16,725000	9,600388E+1
16,730000	9,600898E+1
16,735000	9,600898E+1
16,740000	9,601152E+1
16,745000	9,600643E+1
16,750000	9,602680E+1
16,755000	9,601152E+1
16,760000	9,598224E+1
16,765000	9,598733E+1
16,770000	9,601916E+1
16,775000	9,600388E+1
16,780000	9,599497E+1
16,785000	9,600516E+1
16,790000	9,601407E+1
16,795000	9,600006E+1
16,800000	9,599879E+1
16,805000	9,601662E+1
16,810000	9,601280E+1
16,815000	9,601152E+1
16,820000	9,599879E+1
16,825000	9,598860E+1
16,830000	9,602298E+1
16,835000	9,601280E+1
16,840000	9,602171E+1
16,845000	9,601789E+1
16,850000	9,604845E+1
16,855000	9,599752E+1
16,860000	9,600643E+1
16,865000	9,599624E+1
16,870000	9,601916E+1
16,875000	9,601916E+1
16,880000	9,601280E+1
16,885000	9,601662E+1
16,890000	9,602426E+1
16,895000	9,605481E+1
16,900000	9,601789E+1
16,905000	9,601789E+1
16,910000	9,602680E+1
16,915000	9,601662E+1
16,920000	9,602044E+1
16,925000	9,601534E+1
16,930000	9,602426E+1
16,935000	9,600643E+1
16,940000	9,601025E+1
16,945000	9,602298E+1
16,950000	9,602553E+1
16,955000	9,601789E+1
16,960000	9,601152E+1
16,965000	9,602044E+1
16,970000	9,602298E+1
16,975000	9,602044E+1
16,980000	9,601916E+1
16,985000	9,603444E+1
16,990000	9,603699E+1
16,995000	9,601152E+1
17,000000	9,600516E+1
17,005000	9,600770E+1
17,010000	9,602680E+1
17,015000	9,602935E+1
17,020000	9,603699E+1
17,025000	9,602935E+1
17,030000	9,602680E+1
17,035000	9,603062E+1
17,040000	9,601916E+1
17,045000	9,602935E+1
17,050000	9,603699E+1
17,055000	9,600770E+1
17,060000	9,602553E+1
17,065000	9,602044E+1
17,070000	9,607009E+1
17,075000	9,603062E+1
17,080000	9,600006E+1
17,085000	9,602935E+1
17,090000	9,604845E+1
17,095000	9,602426E+1
17,100000	9,602808E+1
17,105000	9,603699E+1
17,110000	9,603317E+1
17,115000	9,603317E+1
17,120000	9,602935E+1
17,125000	9,603190E+1
17,130000	9,604081E+1
17,135000	9,604081E+1
17,140000	9,601280E+1
17,145000	9,602553E+1
17,150000	9,603699E+1
17,155000	9,603062E+1
17,160000	9,603572E+1
17,165000	9,604717E+1
17,170000	9,604463E+1
17,175000	9,602171E+1
17,180000	9,600388E+1
17,185000	9,603572E+1
17,190000	9,604717E+1
17,195000	9,604590E+1
17,200000	9,602553E+1
17,205000	9,603572E+1
17,210000	9,603190E+1
17,215000	9,604463E+1
17,220000	9,603444E+1
17,225000	9,603190E+1
17,230000	9,604208E+1
17,235000	9,603954E+1
17,240000	9,602808E+1
17,245000	9,603317E+1
17,250000	9,604336E+1
17,255000	9,603190E+1
17,260000	9,602044E+1
17,265000	9,604972E+1
17,270000	9,605863E+1
17,275000	9,603317E+1
17,280000	9,602298E+1
17,285000	9,602808E+1
17,290000	9,604081E+1
17,295000	9,604463E+1
17,300000	9,604081E+1
17,305000	9,605481E+1
17,310000	9,604336E+1
17,315000	9,604336E+1
17,320000	9,604336E+1
17,325000	9,604590E+1
17,330000	9,604590E+1
17,335000	9,603954E+1
17,340000	9,604463E+1
17,345000	9,605863E+1
17,350000	9,605481E+1
17,355000	9,602808E+1
17,360000	9,600388E+1
17,365000	9,607646E+1
17,370000	9,606118E+1
17,375000	9,606373E+1
17,380000	9,603954E+1
17,385000	9,603317E+1
17,390000	9,606118E+1
17,395000	9,604463E+1
17,400000	9,603826E+1
17,405000	9,604972E+1
17,410000	9,605354E+1
17,415000	9,604590E+1
17,420000	9,604590E+1
17,425000	9,603317E+1
17,430000	9,604717E+1
17,435000	9,604208E+1
17,440000	9,603826E+1
17,445000	9,601025E+1
17,450000	9,604463E+1
17,455000	9,605991E+1
17,460000	9,604972E+1
17,465000	9,604336E+1
17,470000	9,605736E+1
17,475000	9,603444E+1
17,480000	9,605227E+1
17,485000	9,606627E+1
17,490000	9,605863E+1
17,495000	9,605609E+1
17,500000	9,604463E+1
17,505000	9,605736E+1
17,510000	9,605736E+1
17,515000	9,605609E+1
17,520000	9,604845E+1
17,525000	9,605099E+1
17,530000	9,604717E+1
17,535000	9,605354E+1
17,540000	9,605736E+1
17,545000	9,607137E+1
17,550000	9,607646E+1
17,555000	9,604845E+1
17,560000	9,604590E+1
17,565000	9,606118E+1
17,570000	9,605863E+1
17,575000	9,604845E+1
17,580000	9,604208E+1
17,585000	9,606755E+1
17,590000	9,605863E+1
17,595000	9,606373E+1
17,600000	9,604717E+1
17,605000	9,606627E+1
17,610000	9,606627E+1
17,615000	9,603444E+1
17,620000	9,606882E+1
17,625000	9,607391E+1
17,630000	9,606245E+1
17,635000	9,604463E+1
17,640000	9,604208E+1
17,645000	9,607264E+1
17,650000	9,608283E+1
17,655000	9,607646E+1
17,660000	9,605736E+1
17,665000	9,606627E+1
17,670000	9,608410E+1
17,675000	9,605227E+1
17,680000	9,605736E+1
17,685000	9,606500E+1
17,690000	9,606500E+1
17,695000	9,605863E+1
17,700000	9,604717E+1
17,705000	9,606245E+1
17,710000	9,606755E+1
17,715000	9,607264E+1
17,720000	9,605863E+1
17,725000	9,607009E+1
17,730000	9,608410E+1
17,735000	9,605609E+1
17,740000	9,605736E+1
17,745000	9,607009E+1
17,750000	9,607391E+1
17,755000	9,607009E+1
17,760000	9,605736E+1
17,765000	9,608155E+1
17,770000	9,607009E+1
17,775000	9,606882E+1
17,780000	9,605609E+1
17,785000	9,607901E+1
17,790000	9,607901E+1
17,795000	9,607009E+1
17,800000	9,606373E+1
17,805000	9,607519E+1
17,810000	9,608665E+1
17,815000	9,606373E+1
17,820000	9,605736E+1
17,825000	9,606500E+1
17,830000	9,605863E+1
17,835000	9,606118E+1
17,840000	9,605609E+1
17,845000	9,607646E+1
17,850000	9,608537E+1
17,855000	9,607009E+1
17,860000	9,607009E+1
17,865000	9,607009E+1
17,870000	9,607901E+1
17,875000	9,607264E+1
17,880000	9,608028E+1
17,885000	9,609047E+1
17,890000	9,608537E+1
17,895000	9,606882E+1
17,900000	9,607646E+1
17,905000	9,607773E+1
17,910000	9,607901E+1
17,915000	9,606373E+1
17,920000	9,607519E+1
17,925000	9,606373E+1
17,930000	9,607773E+1
17,935000	9,607137E+1
17,940000	9,606118E+1
17,945000	9,608537E+1
17,950000	9,607519E+1
17,955000	9,607519E+1
17,960000	9,606882E+1
17,965000	9,609047E+1
17,970000	9,610065E+1
17,975000	9,607264E+1
17,980000	9,606627E+1
17,985000	9,611084E+1
17,990000	9,609429E+1
17,995000	9,607009E+1
18,000000	9,606627E+1
18,005000	9,607264E+1
18,010000	9,608155E+1
18,015000	9,609047E+1
18,020000	9,608792E+1
18,025000	9,609683E+1
18,030000	9,610575E+1
18,035000	9,607901E+1
18,040000	9,607391E+1
18,045000	9,607009E+1
18,050000	9,608919E+1
18,055000	9,607901E+1
18,060000	9,607264E+1
18,065000	9,608028E+1
18,070000	9,608155E+1
18,075000	9,609556E+1
18,080000	9,608410E+1
18,085000	9,608919E+1
18,090000	9,609429E+1
18,095000	9,608537E+1
18,100000	9,605863E+1
18,105000	9,609301E+1
18,110000	9,612230E+1
18,115000	9,607519E+1
18,120000	9,607009E+1
18,125000	9,608665E+1
18,130000	9,608537E+1
18,135000	9,607391E+1
18,140000	9,608283E+1
18,145000	9,609938E+1
18,150000	9,608537E+1
18,155000	9,608155E+1
18,160000	9,608665E+1
18,165000	9,609301E+1
18,170000	9,608410E+1
18,175000	9,608283E+1
18,180000	9,608792E+1
18,185000	9,610193E+1
18,190000	9,609301E+1
18,195000	9,607646E+1
18,200000	9,607773E+1
18,205000	9,609174E+1
18,210000	9,609683E+1
18,215000	9,607773E+1
18,220000	9,607901E+1
18,225000	9,610065E+1
18,230000	9,608537E+1
18,235000	9,608537E+1
18,240000	9,608155E+1
18,245000	9,608792E+1
18,250000	9,608919E+1
18,255000	9,608410E+1
18,260000	9,608028E+1
18,265000	9,609683E+1
18,270000	9,611211E+1
18,275000	9,609811E+1
18,280000	9,608537E+1
18,285000	9,610575E+1
18,290000	9,609556E+1
18,295000	9,609683E+1
18,300000	9,609174E+1
18,305000	9,609938E+1
18,310000	9,609938E+1
18,315000	9,608919E+1
18,320000	9,609811E+1
18,325000	9,609047E+1
18,330000	9,610065E+1
18,335000	9,609811E+1
18,340000	9,609811E+1
18,345000	9,610320E+1
18,350000	9,610702E+1
18,355000	9,610956E+1
18,360000	9,609429E+1
18,365000	9,608919E+1
18,370000	9,609556E+1
18,375000	9,610193E+1
18,380000	9,608665E+1
18,385000	9,609811E+1
18,390000	9,609556E+1
18,395000	9,608537E+1
18,400000	9,608537E+1
18,405000	9,610447E+1
18,410000	9,611975E+1
18,415000	9,609047E+1
18,420000	9,609683E+1
18,425000	9,610702E+1
18,430000	9,610065E+1
18,435000	9,608155E+1
18,440000	9,608792E+1
18,445000	9,607901E+1
18,450000	9,612357E+1
18,455000	9,607264E+1
18,460000	9,609301E+1
18,465000	9,610447E+1
18,470000	9,611466E+1
18,475000	9,609174E+1
18,480000	9,611084E+1
18,485000	9,610829E+1
18,490000	9,611848E+1
18,495000	9,609683E+1
18,500000	9,609301E+1
18,505000	9,610193E+1
18,510000	9,611084E+1
18,515000	9,610447E+1
18,520000	9,610193E+1
18,525000	9,610447E+1
18,530000	9,610575E+1
18,535000	9,609811E+1
18,540000	9,610447E+1
18,545000	9,610829E+1
18,550000	9,608665E+1
18,555000	9,609301E+1
18,560000	9,609174E+1
18,565000	9,612612E+1
18,570000	9,608410E+1
18,575000	9,612739E+1
18,580000	9,608283E+1
18,585000	9,609429E+1
18,590000	9,610575E+1
18,595000	9,608792E+1
18,600000	9,609301E+1
18,605000	9,611848E+1
18,610000	9,610065E+1
18,615000	9,609811E+1
18,620000	9,610447E+1
18,625000	9,611593E+1
18,630000	9,610956E+1
18,635000	9,609811E+1
18,640000	9,610193E+1
18,645000	9,611466E+1
18,650000	9,611338E+1
18,655000	9,609811E+1
18,660000	9,610447E+1
18,665000	9,610193E+1
18,670000	9,609429E+1
18,675000	9,610320E+1
18,680000	9,610829E+1
18,685000	9,612230E+1
18,690000	9,611466E+1
18,695000	9,610193E+1
18,700000	9,609047E+1
18,705000	9,611211E+1
18,710000	9,611211E+1
18,715000	9,610320E+1
18,720000	9,610702E+1
18,725000	9,612102E+1
18,730000	9,612866E+1
18,735000	9,613630E+1
18,740000	9,607901E+1
18,745000	9,613248E+1
18,750000	9,613758E+1
18,755000	9,610575E+1
18,760000	9,610320E+1
18,765000	9,611338E+1
18,770000	9,611084E+1
18,775000	9,609174E+1
18,780000	9,610065E+1
18,785000	9,612484E+1
18,790000	9,611720E+1
18,795000	9,610575E+1
18,800000	9,610447E+1
18,805000	9,611720E+1
18,810000	9,611084E+1
18,815000	9,610829E+1
18,820000	9,612102E+1
18,825000	9,614012E+1
18,830000	9,612994E+1
18,835000	9,610956E+1
18,840000	9,610447E+1
18,845000	9,613248E+1
18,850000	9,612866E+1
18,855000	9,611338E+1
18,860000	9,610575E+1
18,865000	9,611593E+1
18,870000	9,612230E+1
18,875000	9,611975E+1
18,880000	9,611211E+1
18,885000	9,612357E+1
18,890000	9,611466E+1
18,895000	9,610065E+1
18,900000	9,610193E+1
18,905000	9,611466E+1
18,910000	9,612102E+1
18,915000	9,609811E+1
18,920000	9,610320E+1
18,925000	9,611593E+1
18,930000	9,612612E+1
18,935000	9,611338E+1
18,940000	9,612102E+1
18,945000	9,612612E+1
18,950000	9,612866E+1
18,955000	9,610065E+1
18,960000	9,612484E+1
18,965000	9,612866E+1
18,970000	9,612612E+1
18,975000	9,609938E+1
18,980000	9,610575E+1
18,985000	9,612612E+1
18,990000	9,611848E+1
18,995000	9,610065E+1
19,000000	9,611720E+1
19,005000	9,612357E+1
19,010000	9,614140E+1
19,015000	9,610702E+1
19,020000	9,609556E+1
19,025000	9,614267E+1
19,030000	9,611975E+1
19,035000	9,611848E+1
19,040000	9,611338E+1
19,045000	9,612612E+1
19,050000	9,612739E+1
19,055000	9,610956E+1
19,060000	9,613376E+1
19,065000	9,612484E+1
19,070000	9,612612E+1
19,075000	9,611466E+1
19,080000	9,611211E+1
19,085000	9,613885E+1
19,090000	9,612612E+1
19,095000	9,612357E+1
19,100000	9,612739E+1
19,105000	9,613885E+1
19,110000	9,612230E+1
19,115000	9,611720E+1
19,120000	9,612484E+1
19,125000	9,611720E+1
19,130000	9,612102E+1
19,135000	9,611848E+1
19,140000	9,611338E+1
19,145000	9,613758E+1
19,150000	9,612866E+1
19,155000	9,612230E+1
19,160000	9,611720E+1
19,165000	9,614140E+1
19,170000	9,609174E+1
19,175000	9,611720E+1
19,180000	9,612612E+1
19,185000	9,614649E+1
19,190000	9,614776E+1
19,195000	9,612102E+1
19,200000	9,612230E+1
19,205000	9,614012E+1
19,210000	9,612484E+1
19,215000	9,612230E+1
19,220000	9,612612E+1
19,225000	9,614012E+1
19,230000	9,612739E+1
19,235000	9,610193E+1
19,240000	9,612102E+1
19,245000	9,613885E+1
19,250000	9,614012E+1
19,255000	9,612484E+1
19,260000	9,610956E+1
19,265000	9,616432E+1
19,270000	9,612357E+1
19,275000	9,612739E+1
19,280000	9,611975E+1
19,285000	9,613630E+1
19,290000	9,612484E+1
19,295000	9,611593E+1
19,300000	9,612484E+1
19,305000	9,614776E+1
19,310000	9,613376E+1
19,315000	9,612357E+1
19,320000	9,613758E+1
19,325000	9,615668E+1
19,330000	9,613376E+1
19,335000	9,612102E+1
19,340000	9,612230E+1
19,345000	9,614904E+1
19,350000	9,613630E+1
19,355000	9,612484E+1
19,360000	9,613248E+1
19,365000	9,614394E+1
19,370000	9,613376E+1
19,375000	9,613376E+1
19,380000	9,613248E+1
19,385000	9,615158E+1
19,390000	9,613630E+1
19,395000	9,611975E+1
19,400000	9,612484E+1
19,405000	9,613503E+1
19,410000	9,614012E+1
19,415000	9,612357E+1
19,420000	9,612484E+1
19,425000	9,615413E+1
19,430000	9,613758E+1
19,435000	9,614267E+1
19,440000	9,612484E+1
19,445000	9,616177E+1
19,450000	9,613885E+1
19,455000	9,613630E+1
19,460000	9,615031E+1
19,465000	9,616432E+1
19,470000	9,612866E+1
19,475000	9,612102E+1
19,480000	9,614776E+1
19,485000	9,613503E+1
19,490000	9,614776E+1
19,495000	9,613503E+1
19,500000	9,613630E+1
19,505000	9,614394E+1
19,510000	9,614267E+1
19,515000	9,611975E+1
19,520000	9,614522E+1
19,525000	9,614776E+1
19,530000	9,612612E+1
19,535000	9,615413E+1
19,540000	9,614904E+1
19,545000	9,615031E+1
19,550000	9,610956E+1
19,555000	9,613248E+1
19,560000	9,614394E+1
19,565000	9,614522E+1
19,570000	9,615286E+1
19,575000	9,614012E+1
19,580000	9,614140E+1
19,585000	9,613121E+1
19,590000	9,612612E+1
19,595000	9,613121E+1
19,600000	9,616050E+1
19,605000	9,614649E+1
19,610000	9,613758E+1
19,615000	9,613248E+1
19,620000	9,614012E+1
19,625000	9,615031E+1
19,630000	9,614012E+1
19,635000	9,612102E+1
19,640000	9,613885E+1
19,645000	9,614904E+1
19,650000	9,614267E+1
19,655000	9,612357E+1
19,660000	9,613885E+1
19,665000	9,614394E+1
19,670000	9,612866E+1
19,675000	9,614140E+1
19,680000	9,615286E+1
19,685000	9,615540E+1
19,690000	9,613630E+1
19,695000	9,613630E+1
19,700000	9,615031E+1
19,705000	9,615540E+1
19,710000	9,614776E+1
19,715000	9,615158E+1
19,720000	9,615031E+1
19,725000	9,615540E+1
19,730000	9,614394E+1
19,735000	9,614394E+1
19,740000	9,614012E+1
19,745000	9,615795E+1
19,750000	9,613121E+1
19,755000	9,613248E+1
19,760000	9,615795E+1
19,765000	9,617577E+1
19,770000	9,614012E+1
19,775000	9,613121E+1
19,780000	9,613503E+1
19,785000	9,614649E+1
19,790000	9,614012E+1
19,795000	9,614522E+1
19,800000	9,616432E+1
19,805000	9,615286E+1
19,810000	9,614522E+1
19,815000	9,613503E+1
19,820000	9,615031E+1
19,825000	9,616050E+1
19,830000	9,615668E+1
19,835000	9,613758E+1
19,840000	9,616050E+1
19,845000	9,615922E+1
19,850000	9,614649E+1
19,855000	9,614522E+1
19,860000	9,614776E+1
19,865000	9,616304E+1
19,870000	9,615540E+1
19,875000	9,613248E+1
19,880000	9,614140E+1
19,885000	9,614776E+1
19,890000	9,614140E+1
19,895000	9,614522E+1
19,900000	9,614012E+1
19,905000	9,616432E+1
19,910000	9,615031E+1
19,915000	9,614904E+1
19,920000	9,615922E+1
19,925000	9,615668E+1
19,930000	9,615031E+1
19,935000	9,613885E+1
19,940000	9,619105E+1
19,945000	9,611084E+1
19,950000	9,617450E+1
19,955000	9,612102E+1
19,960000	9,615795E+1
19,965000	9,615031E+1
19,970000	9,615540E+1
19,975000	9,615158E+1
19,980000	9,614904E+1
19,985000	9,616177E+1
19,990000	9,615413E+1
19,995000	9,614776E+1
20,000000	9,616304E+1
20,005000	9,616304E+1
20,010000	9,614649E+1
20,015000	9,615286E+1
20,020000	9,616177E+1
20,025000	9,616814E+1
20,030000	9,615668E+1
20,035000	9,614140E+1
20,040000	9,615413E+1
20,045000	9,616814E+1
20,050000	9,614904E+1
20,055000	9,614522E+1
20,060000	9,616941E+1
20,065000	9,616432E+1
20,070000	9,615922E+1
20,075000	9,614012E+1
20,080000	9,615668E+1
20,085000	9,615922E+1
20,090000	9,614012E+1
20,095000	9,616432E+1
20,100000	9,615795E+1
20,105000	9,616177E+1
20,110000	9,614522E+1
20,115000	9,614012E+1
20,120000	9,614904E+1
20,125000	9,616050E+1
20,130000	9,613885E+1
20,135000	9,615158E+1
20,140000	9,616304E+1
20,145000	9,615668E+1
20,150000	9,615286E+1
20,155000	9,614904E+1
20,160000	9,616050E+1
20,165000	9,616304E+1
20,170000	9,616304E+1
20,175000	9,612612E+1
20,180000	9,616432E+1
20,185000	9,617068E+1
20,190000	9,616304E+1
20,195000	9,616304E+1
20,200000	9,615795E+1
20,205000	9,616432E+1
20,210000	9,614649E+1
20,215000	9,615286E+1
20,220000	9,614904E+1
20,225000	9,614904E+1
20,230000	9,616304E+1
20,235000	9,613376E+1
20,240000	9,619742E+1
20,245000	9,613376E+1
20,250000	9,618469E+1
20,255000	9,611848E+1
20,260000	9,616814E+1
20,265000	9,616432E+1
20,270000	9,617450E+1
20,275000	9,615413E+1
20,280000	9,615158E+1
20,285000	9,616686E+1
20,290000	9,615286E+1
20,295000	9,615668E+1
20,300000	9,615031E+1
20,305000	9,616177E+1
20,310000	9,615158E+1
20,315000	9,614904E+1
20,320000	9,616814E+1
20,325000	9,616432E+1
20,330000	9,616559E+1
20,335000	9,615540E+1
20,340000	9,616050E+1
20,345000	9,617577E+1
20,350000	9,614904E+1
20,355000	9,616559E+1
20,360000	9,616304E+1
20,365000	9,617450E+1
20,370000	9,616686E+1
20,375000	9,616304E+1
20,380000	9,617450E+1
20,385000	9,616941E+1
20,390000	9,615540E+1
20,395000	9,615286E+1
20,400000	9,616686E+1
20,405000	9,616559E+1

