date/time: ,04/07/2024,07:51 p.m.
Run 1

time	(KPA)
0,000000	1,015604E+2
0,005000	1,015591E+2
0,010000	1,015566E+2
0,015000	1,015630E+2
0,020000	1,015502E+2
0,025000	1,015413E+2
0,030000	1,015502E+2
0,035000	1,015630E+2
0,040000	1,015681E+2
0,045000	1,015528E+2
0,050000	1,015108E+2
0,055000	1,015553E+2
0,060000	1,015693E+2
0,065000	1,015642E+2
0,070000	1,015591E+2
0,075000	1,015515E+2
0,080000	1,015375E+2
0,085000	1,015464E+2
0,090000	1,015630E+2
0,095000	1,015579E+2
0,100000	1,015540E+2
0,105000	1,015413E+2
0,110000	1,015375E+2
0,115000	1,015922E+2
0,120000	1,015617E+2
0,125000	1,015273E+2
0,130000	1,015617E+2
0,135000	1,015693E+2
0,140000	1,015528E+2
0,145000	1,015477E+2
0,150000	1,015528E+2
0,155000	1,015630E+2
0,160000	1,015655E+2
0,165000	1,015630E+2
0,170000	1,015528E+2
0,175000	1,015502E+2
0,180000	1,015426E+2
0,185000	1,015604E+2
0,190000	1,015579E+2
0,195000	1,015553E+2
0,200000	1,015540E+2
0,205000	1,015388E+2
0,210000	1,015477E+2
0,215000	1,015490E+2
0,220000	1,015655E+2
0,225000	1,015553E+2
0,230000	1,015604E+2
0,235000	1,015630E+2
0,240000	1,015515E+2
0,245000	1,015439E+2
0,250000	1,015311E+2
0,255000	1,015553E+2
0,260000	1,015604E+2
0,265000	1,015566E+2
0,270000	1,015719E+2
0,275000	1,015604E+2
0,280000	1,015490E+2
0,285000	1,015490E+2
0,290000	1,015515E+2
0,295000	1,015464E+2
0,300000	1,015490E+2
0,305000	1,015490E+2
0,310000	1,015757E+2
0,315000	1,015566E+2
0,320000	1,015566E+2
0,325000	1,015388E+2
0,330000	1,015630E+2
0,335000	1,015502E+2
0,340000	1,015515E+2
0,345000	1,015693E+2
0,350000	1,015286E+2
0,355000	1,015719E+2
0,360000	1,015515E+2
0,365000	1,015566E+2
0,370000	1,015604E+2
0,375000	1,015681E+2
0,380000	1,015617E+2
0,385000	1,015413E+2
0,390000	1,015566E+2
0,395000	1,015604E+2
0,400000	1,015553E+2
0,405000	1,015642E+2
0,410000	1,015693E+2
0,415000	1,015655E+2
0,420000	1,015477E+2
0,425000	1,015668E+2
0,430000	1,015579E+2
0,435000	1,015579E+2
0,440000	1,015490E+2
0,445000	1,015566E+2
0,450000	1,015515E+2
0,455000	1,015693E+2
0,460000	1,015630E+2
0,465000	1,015337E+2
0,470000	1,015413E+2
0,475000	1,015540E+2
0,480000	1,015617E+2
0,485000	1,015604E+2
0,490000	1,015642E+2
0,495000	1,015630E+2
0,500000	1,015451E+2
0,505000	1,015413E+2
0,510000	1,015477E+2
0,515000	1,015566E+2
0,520000	1,015719E+2
0,525000	1,015515E+2
0,530000	1,015337E+2
0,535000	1,015655E+2
0,540000	1,015528E+2
0,545000	1,015528E+2
0,550000	1,015770E+2
0,555000	1,015642E+2
0,560000	1,015591E+2
0,565000	1,015413E+2
0,570000	1,015528E+2
0,575000	1,015617E+2
0,580000	1,015630E+2
0,585000	1,015617E+2
0,590000	1,015490E+2
0,595000	1,015426E+2
0,600000	1,015490E+2
0,605000	1,015579E+2
0,610000	1,015795E+2
0,615000	1,015706E+2
0,620000	1,015311E+2
0,625000	1,015553E+2
0,630000	1,015795E+2
0,635000	1,015528E+2
0,640000	1,015286E+2
0,645000	1,015490E+2
0,650000	1,015719E+2
0,655000	1,015642E+2
0,660000	1,015400E+2
0,665000	1,015426E+2
0,670000	1,015502E+2
0,675000	1,015897E+2
0,680000	1,015579E+2
0,685000	1,015591E+2
0,690000	1,015477E+2
0,695000	1,015515E+2
0,700000	1,015477E+2
0,705000	1,015617E+2
0,710000	1,015591E+2
0,715000	1,015617E+2
0,720000	1,015477E+2
0,725000	1,015528E+2
0,730000	1,015630E+2
0,735000	1,015604E+2
0,740000	1,015681E+2
0,745000	1,015388E+2
0,750000	1,015502E+2
0,755000	1,015617E+2
0,760000	1,015630E+2
0,765000	1,015528E+2
0,770000	1,015604E+2
0,775000	1,015808E+2
0,780000	1,015477E+2
0,785000	1,015375E+2
0,790000	1,015426E+2
0,795000	1,015579E+2
0,800000	1,015731E+2
0,805000	1,015540E+2
0,810000	1,015477E+2
0,815000	1,015451E+2
0,820000	1,015490E+2
0,825000	1,015744E+2
0,830000	1,015451E+2
0,835000	1,015821E+2
0,840000	1,015286E+2
0,845000	1,015477E+2
0,850000	1,015770E+2
0,855000	1,015795E+2
0,860000	1,015579E+2
0,865000	1,015286E+2
0,870000	1,015604E+2
0,875000	1,015808E+2
0,880000	1,015439E+2
0,885000	1,015286E+2
0,890000	1,015400E+2
0,895000	1,015681E+2
0,900000	1,015604E+2
0,905000	1,015502E+2
0,910000	1,015362E+2
0,915000	1,015566E+2
0,920000	1,015591E+2
0,925000	1,015604E+2
0,930000	1,015566E+2
0,935000	1,015375E+2
0,940000	1,015375E+2
0,945000	1,015782E+2
0,950000	1,015604E+2
0,955000	1,015235E+2
0,960000	1,015528E+2
0,965000	1,015146E+2
0,970000	1,015655E+2
0,975000	1,015681E+2
0,980000	1,015515E+2
0,985000	1,015286E+2
0,990000	1,015528E+2
0,995000	1,015655E+2
1,000000	1,015757E+2
1,005000	1,015490E+2
1,010000	1,015337E+2
1,015000	1,015668E+2
1,020000	1,015630E+2
1,025000	1,015490E+2
1,030000	1,015617E+2
1,035000	1,015477E+2
1,040000	1,015362E+2
1,045000	1,015591E+2
1,050000	1,015400E+2
1,055000	1,015884E+2
1,060000	1,014993E+2
1,065000	1,015859E+2
1,070000	1,015591E+2
1,075000	1,015311E+2
1,080000	1,015477E+2
1,085000	1,015706E+2
1,090000	1,015553E+2
1,095000	1,015515E+2
1,100000	1,015502E+2
1,105000	1,015617E+2
1,110000	1,015719E+2
1,115000	1,015540E+2
1,120000	1,015311E+2
1,125000	1,015426E+2
1,130000	1,015528E+2
1,135000	1,015655E+2
1,140000	1,015604E+2
1,145000	1,015617E+2
1,150000	1,015604E+2
1,155000	1,015604E+2
1,160000	1,015413E+2
1,165000	1,015362E+2
1,170000	1,015604E+2
1,175000	1,015566E+2
1,180000	1,015604E+2
1,185000	1,015540E+2
1,190000	1,015528E+2
1,195000	1,015604E+2
1,200000	1,015477E+2
1,205000	1,015630E+2
1,210000	1,015617E+2
1,215000	1,015566E+2
1,220000	1,015566E+2
1,225000	1,015477E+2
1,230000	1,015464E+2
1,235000	1,015540E+2
1,240000	1,015566E+2
1,245000	1,015426E+2
1,250000	1,015502E+2
1,255000	1,015540E+2
1,260000	1,015706E+2
1,265000	1,015426E+2
1,270000	1,015451E+2
1,275000	1,015782E+2
1,280000	1,015426E+2
1,285000	1,015464E+2
1,290000	1,015731E+2
1,295000	1,015693E+2
1,300000	1,015528E+2
1,305000	1,015222E+2
1,310000	1,015668E+2
1,315000	1,015655E+2
1,320000	1,015668E+2
1,325000	1,015464E+2
1,330000	1,015617E+2
1,335000	1,015540E+2
1,340000	1,015375E+2
1,345000	1,015515E+2
1,350000	1,015528E+2
1,355000	1,015770E+2
1,360000	1,015553E+2
1,365000	1,015553E+2
1,370000	1,015617E+2
1,375000	1,015464E+2
1,380000	1,015540E+2
1,385000	1,015617E+2
1,390000	1,015553E+2
1,395000	1,015655E+2
1,400000	1,015451E+2
1,405000	1,015439E+2
1,410000	1,015668E+2
1,415000	1,015553E+2
1,420000	1,015681E+2
1,425000	1,015668E+2
1,430000	1,015872E+2
1,435000	1,015681E+2
1,440000	1,015413E+2
1,445000	1,015515E+2
1,450000	1,015553E+2
1,455000	1,015528E+2
1,460000	1,015579E+2
1,465000	1,015464E+2
1,470000	1,015528E+2
1,475000	1,015439E+2
1,480000	1,015515E+2
1,485000	1,015681E+2
1,490000	1,015477E+2
1,495000	1,015451E+2
1,500000	1,015337E+2
1,505000	1,015731E+2
1,510000	1,015630E+2
1,515000	1,015477E+2
1,520000	1,015502E+2
1,525000	1,015693E+2
1,530000	1,015439E+2
1,535000	1,015426E+2
1,540000	1,015490E+2
1,545000	1,015668E+2
1,550000	1,015566E+2
1,555000	1,015337E+2
1,560000	1,015540E+2
1,565000	1,015757E+2
1,570000	1,015833E+2
1,575000	1,015591E+2
1,580000	1,015273E+2
1,585000	1,015515E+2
1,590000	1,015617E+2
1,595000	1,015681E+2
1,600000	1,015388E+2
1,605000	1,015451E+2
1,610000	1,015553E+2
1,615000	1,015617E+2
1,620000	1,015770E+2
1,625000	1,015260E+2
1,630000	1,015553E+2
1,635000	1,015553E+2
1,640000	1,015604E+2
1,645000	1,015490E+2
1,650000	1,015604E+2
1,655000	1,015566E+2
1,660000	1,015502E+2
1,665000	1,015515E+2
1,670000	1,015490E+2
1,675000	1,015604E+2
1,680000	1,015591E+2
1,685000	1,015642E+2
1,690000	1,015388E+2
1,695000	1,015362E+2
1,700000	1,015540E+2
1,705000	1,015566E+2
1,710000	1,015744E+2
1,715000	1,015439E+2
1,720000	1,015490E+2
1,725000	1,015808E+2
1,730000	1,015579E+2
1,735000	1,015451E+2
1,740000	1,015528E+2
1,745000	1,015566E+2
1,750000	1,015693E+2
1,755000	1,015528E+2
1,760000	1,015502E+2
1,765000	1,015502E+2
1,770000	1,015782E+2
1,775000	1,015400E+2
1,780000	1,015375E+2
1,785000	1,015515E+2
1,790000	1,015566E+2
1,795000	1,015693E+2
1,800000	1,015681E+2
1,805000	1,015630E+2
1,810000	1,015311E+2
1,815000	1,015566E+2
1,820000	1,015502E+2
1,825000	1,015668E+2
1,830000	1,015477E+2
1,835000	1,015515E+2
1,840000	1,015464E+2
1,845000	1,015502E+2
1,850000	1,015872E+2
1,855000	1,015757E+2
1,860000	1,015400E+2
1,865000	1,015426E+2
1,870000	1,015299E+2
1,875000	1,015922E+2
1,880000	1,015490E+2
1,885000	1,015400E+2
1,890000	1,015426E+2
1,895000	1,015528E+2
1,900000	1,015426E+2
1,905000	1,015591E+2
1,910000	1,015668E+2
1,915000	1,015604E+2
1,920000	1,015540E+2
1,925000	1,015553E+2
1,930000	1,015808E+2
1,935000	1,015591E+2
1,940000	1,015515E+2
1,945000	1,015528E+2
1,950000	1,015528E+2
1,955000	1,015540E+2
1,960000	1,015490E+2
1,965000	1,015490E+2
1,970000	1,015821E+2
1,975000	1,015693E+2
1,980000	1,015439E+2
1,985000	1,015375E+2
1,990000	1,015642E+2
1,995000	1,015617E+2
2,000000	1,015642E+2
2,005000	1,015579E+2
2,010000	1,015426E+2
2,015000	1,015451E+2
2,020000	1,015731E+2
2,025000	1,015439E+2
2,030000	1,015706E+2
2,035000	1,015706E+2
2,040000	1,015375E+2
2,045000	1,015426E+2
2,050000	1,015935E+2
2,055000	1,015553E+2
2,060000	1,015350E+2
2,065000	1,015642E+2
2,070000	1,015617E+2
2,075000	1,015630E+2
2,080000	1,015540E+2
2,085000	1,015579E+2
2,090000	1,015617E+2
2,095000	1,015311E+2
2,100000	1,015795E+2
2,105000	1,015591E+2
2,110000	1,015375E+2
2,115000	1,015553E+2
2,120000	1,015846E+2
2,125000	1,015591E+2
2,130000	1,015490E+2
2,135000	1,015426E+2
2,140000	1,015515E+2
2,145000	1,015579E+2
2,150000	1,015630E+2
2,155000	1,015642E+2
2,160000	1,015299E+2
2,165000	1,015515E+2
2,170000	1,015642E+2
2,175000	1,015731E+2
2,180000	1,015464E+2
2,185000	1,015630E+2
2,190000	1,015286E+2
2,195000	1,015439E+2
2,200000	1,015426E+2
2,205000	1,015668E+2
2,210000	1,015681E+2
2,215000	1,015273E+2
2,220000	1,015553E+2
2,225000	1,015770E+2
2,230000	1,015362E+2
2,235000	1,015579E+2
2,240000	1,015630E+2
2,245000	1,015248E+2
2,250000	1,015986E+2
2,255000	1,015668E+2
2,260000	1,015451E+2
2,265000	1,015502E+2
2,270000	1,015795E+2
2,275000	1,015706E+2
2,280000	1,015209E+2
2,285000	1,015528E+2
2,290000	1,015846E+2
2,295000	1,015617E+2
2,300000	1,015286E+2
2,305000	1,015591E+2
2,310000	1,015744E+2
2,315000	1,015655E+2
2,320000	1,015464E+2
2,325000	1,015388E+2
2,330000	1,015681E+2
2,335000	1,015655E+2
2,340000	1,015528E+2
2,345000	1,015388E+2
2,350000	1,015591E+2
2,355000	1,015706E+2
2,360000	1,015579E+2
2,365000	1,015515E+2
2,370000	1,015566E+2
2,375000	1,015426E+2
2,380000	1,015808E+2
2,385000	1,015413E+2
2,390000	1,015413E+2
2,395000	1,015859E+2
2,400000	1,015693E+2
2,405000	1,015350E+2
2,410000	1,015757E+2
2,415000	1,015477E+2
2,420000	1,015286E+2
2,425000	1,015808E+2
2,430000	1,015604E+2
2,435000	1,015388E+2
2,440000	1,015553E+2
2,445000	1,015668E+2
2,450000	1,015540E+2
2,455000	1,015515E+2
2,460000	1,015782E+2
2,465000	1,015490E+2
2,470000	1,015439E+2
2,475000	1,015362E+2
2,480000	1,015604E+2
2,485000	1,015630E+2
2,490000	1,015490E+2
2,495000	1,015795E+2
2,500000	1,015400E+2
2,505000	1,015350E+2
2,510000	1,015693E+2
2,515000	1,015693E+2
2,520000	1,015477E+2
2,525000	1,016012E+2
2,530000	1,015337E+2
2,535000	1,015833E+2
2,540000	1,015540E+2
2,545000	1,015324E+2
2,550000	1,015731E+2
2,555000	1,015579E+2
2,560000	1,015400E+2
2,565000	1,015604E+2
2,570000	1,015719E+2
2,575000	1,015642E+2
2,580000	1,015439E+2
2,585000	1,015171E+2
2,590000	1,015566E+2
2,595000	1,015833E+2
2,600000	1,015388E+2
2,605000	1,015362E+2
2,610000	1,015846E+2
2,615000	1,015553E+2
2,620000	1,015235E+2
2,625000	1,015655E+2
2,630000	1,015770E+2
2,635000	1,015451E+2
2,640000	1,015222E+2
2,645000	1,015490E+2
2,650000	1,015795E+2
2,655000	1,015490E+2
2,660000	1,015413E+2
2,665000	1,015311E+2
2,670000	1,015350E+2
2,675000	1,015477E+2
2,680000	1,015681E+2
2,685000	1,015120E+2
2,690000	1,015350E+2
2,695000	1,015731E+2
2,700000	1,015159E+2
2,705000	1,015744E+2
2,710000	1,015490E+2
2,715000	1,015451E+2
2,720000	1,015197E+2
2,725000	1,015681E+2
2,730000	1,015439E+2
2,735000	1,015248E+2
2,740000	1,015502E+2
2,745000	1,015566E+2
2,750000	1,015120E+2
2,755000	1,015706E+2
2,760000	1,015057E+2
2,765000	1,015630E+2
2,770000	1,015375E+2
2,775000	1,015082E+2
2,780000	1,015490E+2
2,785000	1,015400E+2
2,790000	1,015388E+2
2,795000	1,015133E+2
2,800000	1,015324E+2
2,805000	1,015604E+2
2,810000	1,014751E+2
2,815000	1,015719E+2
2,820000	1,015388E+2
2,825000	1,015018E+2
2,830000	1,015362E+2
2,835000	1,015413E+2
2,840000	1,015375E+2
2,845000	1,015464E+2
2,850000	1,015388E+2
2,855000	1,014968E+2
2,860000	1,015388E+2
2,865000	1,015388E+2
2,870000	1,014993E+2
2,875000	1,015350E+2
2,880000	1,015375E+2
2,885000	1,015120E+2
2,890000	1,015299E+2
2,895000	1,015057E+2
2,900000	1,014955E+2
2,905000	1,015133E+2
2,910000	1,015082E+2
2,915000	1,014968E+2
2,920000	1,015031E+2
2,925000	1,015031E+2
2,930000	1,014929E+2
2,935000	1,014853E+2
2,940000	1,014815E+2
2,945000	1,014535E+2
2,950000	1,014904E+2
2,955000	1,014420E+2
2,960000	1,014496E+2
2,965000	1,014726E+2
2,970000	1,014509E+2
2,975000	1,014318E+2
2,980000	1,014216E+2
2,985000	1,014547E+2
2,990000	1,013898E+2
2,995000	1,014484E+2
3,000000	1,013440E+2
3,005000	1,014254E+2
3,010000	1,013911E+2
3,015000	1,013389E+2
3,020000	1,013605E+2
3,025000	1,013923E+2
3,030000	1,013580E+2
3,035000	1,013236E+2
3,040000	1,013223E+2
3,045000	1,013478E+2
3,050000	1,013300E+2
3,055000	1,013109E+2
3,060000	1,012803E+2
3,065000	1,013300E+2
3,070000	1,012841E+2
3,075000	1,012637E+2
3,080000	1,012459E+2
3,085000	1,012536E+2
3,090000	1,012561E+2
3,095000	1,012485E+2
3,100000	1,012739E+2
3,105000	1,011861E+2
3,110000	1,012421E+2
3,115000	1,011899E+2
3,120000	1,011810E+2
3,125000	1,012064E+2
3,130000	1,011924E+2
3,135000	1,011632E+2
3,140000	1,011428E+2
3,145000	1,011250E+2
3,150000	1,011428E+2
3,155000	1,011313E+2
3,160000	1,011262E+2
3,165000	1,010855E+2
3,170000	1,010944E+2
3,175000	1,011135E+2
3,180000	1,010817E+2
3,185000	1,010702E+2
3,190000	1,010575E+2
3,195000	1,010524E+2
3,200000	1,010358E+2
3,205000	1,010447E+2
3,210000	1,010397E+2
3,215000	1,010193E+2
3,220000	1,009976E+2
3,225000	1,010116E+2
3,230000	1,010091E+2
3,235000	1,009913E+2
3,240000	1,009620E+2
3,245000	1,009582E+2
3,250000	1,009416E+2
3,255000	1,009454E+2
3,260000	1,009276E+2
3,265000	1,009454E+2
3,270000	1,009174E+2
3,275000	1,008741E+2
3,280000	1,008678E+2
3,285000	1,008767E+2
3,290000	1,008843E+2
3,295000	1,008690E+2
3,300000	1,008194E+2
3,305000	1,008206E+2
3,310000	1,008512E+2
3,315000	1,008194E+2
3,320000	1,008092E+2
3,325000	1,007735E+2
3,330000	1,008079E+2
3,335000	1,007634E+2
3,340000	1,007264E+2
3,345000	1,007672E+2
3,350000	1,007646E+2
3,355000	1,007226E+2
3,360000	1,007175E+2
3,365000	1,006971E+2
3,370000	1,006857E+2
3,375000	1,007048E+2
3,380000	1,006793E+2
3,385000	1,006755E+2
3,390000	1,006411E+2
3,395000	1,006348E+2
3,400000	1,006271E+2
3,405000	1,006500E+2
3,410000	1,005851E+2
3,415000	1,005864E+2
3,420000	1,006042E+2
3,425000	1,005749E+2
3,430000	1,005609E+2
3,435000	1,005494E+2
3,440000	1,005494E+2
3,445000	1,005354E+2
3,450000	1,005151E+2
3,455000	1,004947E+2
3,460000	1,004985E+2
3,465000	1,004960E+2
3,470000	1,004718E+2
3,475000	1,004552E+2
3,480000	1,004374E+2
3,485000	1,004565E+2
3,490000	1,004463E+2
3,495000	1,004030E+2
3,500000	1,003928E+2
3,505000	1,003865E+2
3,510000	1,003992E+2
3,515000	1,003635E+2
3,520000	1,003534E+2
3,525000	1,003534E+2
3,530000	1,003635E+2
3,535000	1,003292E+2
3,540000	1,003088E+2
3,545000	1,003126E+2
3,550000	1,002859E+2
3,555000	1,002795E+2
3,560000	1,002706E+2
3,565000	1,002668E+2
3,570000	1,002451E+2
3,575000	1,002197E+2
3,580000	1,002171E+2
3,585000	1,002209E+2
3,590000	1,002031E+2
3,595000	1,002057E+2
3,600000	1,001802E+2
3,605000	1,001293E+2
3,610000	1,001649E+2
3,615000	1,001560E+2
3,620000	1,001216E+2
3,625000	1,001293E+2
3,630000	1,001204E+2
3,635000	1,001038E+2
3,640000	1,000923E+2
3,645000	1,000847E+2
3,650000	1,000720E+2
3,655000	1,000592E+2
3,660000	1,000541E+2
3,665000	1,000541E+2
3,670000	1,000427E+2
3,675000	9,999557E+1
3,680000	1,000300E+2
3,685000	1,000198E+2
3,690000	9,996629E+1
3,695000	9,997775E+1
3,700000	9,997902E+1
3,705000	9,997647E+1
3,710000	9,995228E+1
3,715000	9,993318E+1
3,720000	9,992809E+1
3,725000	9,992300E+1
3,730000	9,992045E+1
3,735000	9,990899E+1
3,740000	9,989753E+1
3,745000	9,987079E+1
3,750000	9,986443E+1
3,755000	9,986188E+1
3,760000	9,989116E+1
3,765000	9,979312E+1
3,770000	9,984278E+1
3,775000	9,988225E+1
3,780000	9,977275E+1
3,785000	9,980076E+1
3,790000	9,981477E+1
3,795000	9,976638E+1
3,800000	9,973201E+1
3,805000	9,975492E+1
3,810000	9,974856E+1
3,815000	9,972946E+1
3,820000	9,972946E+1
3,825000	9,971163E+1
3,830000	9,970017E+1
3,835000	9,967344E+1
3,840000	9,966070E+1
3,845000	9,965816E+1
3,850000	9,965561E+1
3,855000	9,962505E+1
3,860000	9,962505E+1
3,865000	9,962378E+1
3,870000	9,960977E+1
3,875000	9,955248E+1
3,880000	9,957285E+1
3,885000	9,958940E+1
3,890000	9,954738E+1
3,895000	9,953338E+1
3,900000	9,950409E+1
3,905000	9,951937E+1
3,910000	9,952956E+1
3,915000	9,948627E+1
3,920000	9,943916E+1
3,925000	9,946207E+1
3,930000	9,947608E+1
3,935000	9,940987E+1
3,940000	9,941878E+1
3,945000	9,943916E+1
3,950000	9,936913E+1
3,955000	9,938568E+1
3,960000	9,937804E+1
3,965000	9,935512E+1
3,970000	9,931947E+1
3,975000	9,932329E+1
3,980000	9,933984E+1
3,985000	9,931310E+1
3,990000	9,926854E+1
3,995000	9,928764E+1
4,000000	9,925835E+1
4,005000	9,922652E+1
4,010000	9,925198E+1
4,015000	9,922652E+1
4,020000	9,918578E+1
4,025000	9,920105E+1
4,030000	9,920742E+1
4,035000	9,915649E+1
4,040000	9,913484E+1
4,045000	9,914503E+1
4,050000	9,915394E+1
4,055000	9,910811E+1
4,060000	9,909155E+1
4,065000	9,912339E+1
4,070000	9,908391E+1
4,075000	9,904317E+1
4,080000	9,902916E+1
4,085000	9,906227E+1
4,090000	9,904444E+1
4,095000	9,899097E+1
4,100000	9,899351E+1
4,105000	9,901006E+1
4,110000	9,897569E+1
4,115000	9,895149E+1
4,120000	9,894513E+1
4,125000	9,895659E+1
4,130000	9,896295E+1
4,135000	9,894258E+1
4,140000	9,889292E+1
4,145000	9,887764E+1
4,150000	9,888528E+1
4,155000	9,889038E+1
4,160000	9,883181E+1
4,165000	9,883945E+1
4,170000	9,888274E+1
4,175000	9,882289E+1
4,180000	9,879234E+1
4,185000	9,884454E+1
4,190000	9,877324E+1
4,195000	9,875414E+1
4,200000	9,878342E+1
4,205000	9,875159E+1
4,210000	9,874141E+1
4,215000	9,871212E+1
4,220000	9,871721E+1
4,225000	9,867902E+1
4,230000	9,869429E+1
4,235000	9,868665E+1
4,240000	9,868284E+1
4,245000	9,866374E+1
4,250000	9,863318E+1
4,255000	9,862299E+1
4,260000	9,861917E+1
4,265000	9,863572E+1
4,270000	9,860771E+1
4,275000	9,858989E+1
4,280000	9,855296E+1
4,285000	9,856697E+1
4,290000	9,857970E+1
4,295000	9,852877E+1
4,300000	9,850458E+1
4,305000	9,852113E+1
4,310000	9,851222E+1
4,315000	9,850840E+1
4,320000	9,848548E+1
4,325000	9,847020E+1
4,330000	9,843709E+1
4,335000	9,845619E+1
4,340000	9,844983E+1
4,345000	9,842564E+1
4,350000	9,838744E+1
4,355000	9,842309E+1
4,360000	9,839762E+1
4,365000	9,839126E+1
4,370000	9,836834E+1
4,375000	9,834797E+1
4,380000	9,836452E+1
4,385000	9,829322E+1
4,390000	9,834160E+1
4,395000	9,830213E+1
4,400000	9,828176E+1
4,405000	9,830595E+1
4,410000	9,829831E+1
4,415000	9,826266E+1
4,420000	9,826011E+1
4,425000	9,824610E+1
4,430000	9,823465E+1
4,435000	9,821427E+1
4,440000	9,823083E+1
4,445000	9,821427E+1
4,450000	9,819899E+1
4,455000	9,816844E+1
4,460000	9,816080E+1
4,465000	9,816844E+1
4,470000	9,815188E+1
4,475000	9,815061E+1
4,480000	9,813406E+1
4,485000	9,812005E+1
4,490000	9,810350E+1
4,495000	9,809586E+1
4,500000	9,809331E+1
4,505000	9,808695E+1
4,510000	9,807039E+1
4,515000	9,807294E+1
4,520000	9,804111E+1
4,525000	9,804111E+1
4,530000	9,803602E+1
4,535000	9,801055E+1
4,540000	9,800800E+1
4,545000	9,799400E+1
4,550000	9,798891E+1
4,555000	9,797745E+1
4,560000	9,797617E+1
4,565000	9,796853E+1
4,570000	9,795325E+1
4,575000	9,792524E+1
4,580000	9,792524E+1
4,585000	9,790487E+1
4,590000	9,792397E+1
4,595000	9,790614E+1
4,600000	9,789978E+1
4,605000	9,788195E+1
4,610000	9,786795E+1
4,615000	9,785521E+1
4,620000	9,786158E+1
4,625000	9,786795E+1
4,630000	9,784630E+1
4,635000	9,783739E+1
4,640000	9,782465E+1
4,645000	9,781701E+1
4,650000	9,780555E+1
4,655000	9,780810E+1
4,660000	9,779919E+1
4,665000	9,779537E+1
4,670000	9,776990E+1
4,675000	9,776099E+1
4,680000	9,774698E+1
4,685000	9,774316E+1
4,690000	9,772534E+1
4,695000	9,772025E+1
4,700000	9,770879E+1
4,705000	9,771261E+1
4,710000	9,769223E+1
4,715000	9,767950E+1
4,720000	9,766804E+1
4,725000	9,768332E+1
4,730000	9,766295E+1
4,735000	9,764003E+1
4,740000	9,763621E+1
4,745000	9,762984E+1
4,750000	9,762475E+1
4,755000	9,761457E+1
4,760000	9,758783E+1
4,765000	9,759547E+1
4,770000	9,757127E+1
4,775000	9,754581E+1
4,780000	9,754708E+1
4,785000	9,755345E+1
4,790000	9,754199E+1
4,795000	9,753817E+1
4,800000	9,752034E+1
4,805000	9,751270E+1
4,810000	9,750506E+1
4,815000	9,747323E+1
4,820000	9,748215E+1
4,825000	9,751652E+1
4,830000	9,746050E+1
4,835000	9,743631E+1
4,840000	9,747323E+1
4,845000	9,745286E+1
4,850000	9,742994E+1
4,855000	9,742230E+1
4,860000	9,740957E+1
4,865000	9,740702E+1
4,870000	9,742612E+1
4,875000	9,738665E+1
4,880000	9,739556E+1
4,885000	9,737137E+1
4,890000	9,736119E+1
4,895000	9,734845E+1
4,900000	9,733445E+1
4,905000	9,734591E+1
4,910000	9,732681E+1
4,915000	9,730898E+1
4,920000	9,730771E+1
4,925000	9,731662E+1
4,930000	9,730007E+1
4,935000	9,727842E+1
4,940000	9,726824E+1
4,945000	9,726569E+1
4,950000	9,724914E+1
4,955000	9,723004E+1
4,960000	9,721476E+1
4,965000	9,720839E+1
4,970000	9,720839E+1
4,975000	9,720075E+1
4,980000	9,719439E+1
4,985000	9,719057E+1
4,990000	9,718547E+1
4,995000	9,714855E+1
5,000000	9,714982E+1
5,005000	9,713709E+1
5,010000	9,712436E+1
5,015000	9,711544E+1
5,020000	9,708871E+1
5,025000	9,709889E+1
5,030000	9,708871E+1
5,035000	9,705305E+1
5,040000	9,706706E+1
5,045000	9,706961E+1
5,050000	9,704796E+1
5,055000	9,703523E+1
5,060000	9,702504E+1
5,065000	9,701613E+1
5,070000	9,701358E+1
5,075000	9,699576E+1
5,080000	9,698557E+1
5,085000	9,699576E+1
5,090000	9,699576E+1
5,095000	9,700085E+1
5,100000	9,695883E+1
5,105000	9,695883E+1
5,110000	9,694228E+1
5,115000	9,691809E+1
5,120000	9,691936E+1
5,125000	9,692318E+1
5,130000	9,690663E+1
5,135000	9,687862E+1
5,140000	9,689772E+1
5,145000	9,688626E+1
5,150000	9,687480E+1
5,155000	9,686079E+1
5,160000	9,686461E+1
5,165000	9,685570E+1
5,170000	9,685315E+1
5,175000	9,683660E+1
5,180000	9,683915E+1
5,185000	9,682896E+1
5,190000	9,681113E+1
5,195000	9,681495E+1
5,200000	9,680222E+1
5,205000	9,681750E+1
5,210000	9,679331E+1
5,215000	9,677930E+1
5,220000	9,676912E+1
5,225000	9,678312E+1
5,230000	9,675893E+1
5,235000	9,674620E+1
5,240000	9,672073E+1
5,245000	9,675384E+1
5,250000	9,673856E+1
5,255000	9,671946E+1
5,260000	9,671055E+1
5,265000	9,669781E+1
5,270000	9,669017E+1
5,275000	9,669781E+1
5,280000	9,669527E+1
5,285000	9,670036E+1
5,290000	9,668126E+1
5,295000	9,665580E+1
5,300000	9,665070E+1
5,305000	9,665707E+1
5,310000	9,665198E+1
5,315000	9,663924E+1
5,320000	9,663415E+1
5,325000	9,664943E+1
5,330000	9,662778E+1
5,335000	9,661887E+1
5,340000	9,659977E+1
5,345000	9,660359E+1
5,350000	9,658831E+1
5,355000	9,656412E+1
5,360000	9,657431E+1
5,365000	9,657431E+1
5,370000	9,657813E+1
5,375000	9,655139E+1
5,380000	9,654884E+1
5,385000	9,653738E+1
5,390000	9,653611E+1
5,395000	9,650555E+1
5,400000	9,650682E+1
5,405000	9,651574E+1
5,410000	9,650300E+1
5,415000	9,648009E+1
5,420000	9,648900E+1
5,425000	9,648391E+1
5,430000	9,647372E+1
5,435000	9,644571E+1
5,440000	9,645462E+1
5,445000	9,642152E+1
5,450000	9,643934E+1
5,455000	9,642279E+1
5,460000	9,642024E+1
5,465000	9,643679E+1
5,470000	9,640114E+1
5,475000	9,638841E+1
5,480000	9,637822E+1
5,485000	9,638968E+1
5,490000	9,636676E+1
5,495000	9,636422E+1
5,500000	9,635403E+1
5,505000	9,636676E+1
5,510000	9,634894E+1
5,515000	9,633748E+1
5,520000	9,632093E+1
5,525000	9,633875E+1
5,530000	9,631583E+1
5,535000	9,628655E+1
5,540000	9,630565E+1
5,545000	9,629801E+1
5,550000	9,628018E+1
5,555000	9,625854E+1
5,560000	9,626363E+1
5,565000	9,626745E+1
5,570000	9,625599E+1
5,575000	9,624453E+1
5,580000	9,624198E+1
5,585000	9,622925E+1
5,590000	9,622416E+1
5,595000	9,619997E+1
5,600000	9,621397E+1
5,605000	9,619742E+1
5,610000	9,619105E+1
5,615000	9,617323E+1
5,620000	9,617832E+1
5,625000	9,617705E+1
5,630000	9,616686E+1
5,635000	9,615158E+1
5,640000	9,614394E+1
5,645000	9,614012E+1
5,650000	9,612230E+1
5,655000	9,611211E+1
5,660000	9,611593E+1
5,665000	9,611975E+1
5,670000	9,609556E+1
5,675000	9,608665E+1
5,680000	9,608410E+1
5,685000	9,608919E+1
5,690000	9,607137E+1
5,695000	9,605609E+1
5,700000	9,604590E+1
5,705000	9,609174E+1
5,710000	9,602044E+1
5,715000	9,606118E+1
5,720000	9,600898E+1
5,725000	9,603062E+1
5,730000	9,601662E+1
5,735000	9,600898E+1
5,740000	9,600006E+1
5,745000	9,601407E+1
5,750000	9,599497E+1
5,755000	9,598351E+1
5,760000	9,598860E+1
5,765000	9,598606E+1
5,770000	9,597078E+1
5,775000	9,595168E+1
5,780000	9,596441E+1
5,785000	9,596187E+1
5,790000	9,594913E+1
5,795000	9,593258E+1
5,800000	9,593895E+1
5,805000	9,593640E+1
5,810000	9,594022E+1
5,815000	9,590712E+1
5,820000	9,590966E+1
5,825000	9,590584E+1
5,830000	9,588674E+1
5,835000	9,587910E+1
5,840000	9,587656E+1
5,845000	9,587274E+1
5,850000	9,585873E+1
5,855000	9,585491E+1
5,860000	9,586510E+1
5,865000	9,585619E+1
5,870000	9,584982E+1
5,875000	9,581926E+1
5,880000	9,582690E+1
5,885000	9,583454E+1
5,890000	9,580398E+1
5,895000	9,580271E+1
5,900000	9,580398E+1
5,905000	9,581671E+1
5,910000	9,579761E+1
5,915000	9,577724E+1
5,920000	9,576578E+1
5,925000	9,574668E+1
5,930000	9,577979E+1
5,935000	9,573904E+1
5,940000	9,574541E+1
5,945000	9,574923E+1
5,950000	9,572759E+1
5,955000	9,571613E+1
5,960000	9,571995E+1
5,965000	9,571231E+1
5,970000	9,569448E+1
5,975000	9,568429E+1
5,980000	9,569193E+1
5,985000	9,569703E+1
5,990000	9,566520E+1
5,995000	9,566010E+1
6,000000	9,566265E+1
6,005000	9,565628E+1
6,010000	9,563464E+1
6,015000	9,561426E+1
6,020000	9,562954E+1
6,025000	9,561299E+1
6,030000	9,561426E+1
6,035000	9,559899E+1
6,040000	9,558880E+1
6,045000	9,560153E+1
6,050000	9,558880E+1
6,055000	9,557989E+1
6,060000	9,556843E+1
6,065000	9,557097E+1
6,070000	9,554678E+1
6,075000	9,554042E+1
6,080000	9,553532E+1
6,085000	9,553278E+1
6,090000	9,551113E+1
6,095000	9,551622E+1
6,100000	9,551495E+1
6,105000	9,549840E+1
6,110000	9,550222E+1
6,115000	9,548566E+1
6,120000	9,548312E+1
6,125000	9,548821E+1
6,130000	9,545638E+1
6,135000	9,544110E+1
6,140000	9,545511E+1
6,145000	9,547166E+1
6,150000	9,544365E+1
6,155000	9,543091E+1
6,160000	9,543346E+1
6,165000	9,543601E+1
6,170000	9,540927E+1
6,175000	9,541054E+1
6,180000	9,541309E+1
6,185000	9,541054E+1
6,190000	9,539908E+1
6,195000	9,539017E+1
6,200000	9,539144E+1
6,205000	9,539399E+1
6,210000	9,536980E+1
6,215000	9,535452E+1
6,220000	9,536852E+1
6,225000	9,538126E+1
6,230000	9,537234E+1
6,235000	9,535197E+1
6,240000	9,536598E+1
6,245000	9,533797E+1
6,250000	9,534433E+1
6,255000	9,534433E+1
6,260000	9,535834E+1
6,265000	9,534943E+1
6,270000	9,532269E+1
6,275000	9,530741E+1
6,280000	9,533033E+1
6,285000	9,533160E+1
6,290000	9,530995E+1
6,295000	9,529595E+1
6,300000	9,530868E+1
6,305000	9,530359E+1
6,310000	9,529977E+1
6,315000	9,525902E+1
6,320000	9,530868E+1
6,325000	9,528958E+1
6,330000	9,526030E+1
6,335000	9,525138E+1
6,340000	9,527558E+1
6,345000	9,527303E+1
6,350000	9,525648E+1
6,355000	9,527430E+1
6,360000	9,520809E+1
6,365000	9,528067E+1
6,370000	9,524884E+1
6,375000	9,523483E+1
6,380000	9,524502E+1
6,385000	9,523865E+1
6,390000	9,523101E+1
6,395000	9,522974E+1
6,400000	9,522719E+1
6,405000	9,522083E+1
6,410000	9,522847E+1
6,415000	9,520682E+1
6,420000	9,521191E+1
6,425000	9,522210E+1
6,430000	9,519281E+1
6,435000	9,518899E+1
6,440000	9,520809E+1
6,445000	9,520682E+1
6,450000	9,519154E+1
6,455000	9,518517E+1
6,460000	9,519027E+1
6,465000	9,518772E+1
6,470000	9,518008E+1
6,475000	9,517499E+1
6,480000	9,520427E+1
6,485000	9,518645E+1
6,490000	9,516607E+1
6,495000	9,516098E+1
6,500000	9,517117E+1
6,505000	9,516607E+1
6,510000	9,515589E+1
6,515000	9,515462E+1
6,520000	9,515971E+1
6,525000	9,517117E+1
6,530000	9,514061E+1
6,535000	9,514825E+1
6,540000	9,515716E+1
6,545000	9,515462E+1
6,550000	9,514952E+1
6,555000	9,513042E+1
6,560000	9,514698E+1
6,565000	9,514443E+1
6,570000	9,513806E+1
6,575000	9,513297E+1
6,580000	9,512278E+1
6,585000	9,514570E+1
6,590000	9,511896E+1
6,595000	9,512278E+1
6,600000	9,513679E+1
6,605000	9,514952E+1
6,610000	9,512533E+1
6,615000	9,512660E+1
6,620000	9,513297E+1
6,625000	9,512533E+1
6,630000	9,511769E+1
6,635000	9,511387E+1
6,640000	9,512151E+1
6,645000	9,512660E+1
6,650000	9,512406E+1
6,655000	9,512278E+1
6,660000	9,513424E+1
6,665000	9,512660E+1
6,670000	9,511005E+1
6,675000	9,512024E+1
6,680000	9,513297E+1
6,685000	9,515207E+1
6,690000	9,511132E+1
6,695000	9,511514E+1
6,700000	9,514443E+1
6,705000	9,514952E+1
6,710000	9,513042E+1
6,715000	9,512151E+1
6,720000	9,513679E+1
6,725000	9,515334E+1
6,730000	9,513552E+1
6,735000	9,513297E+1
6,740000	9,514316E+1
6,745000	9,515971E+1
6,750000	9,513170E+1
6,755000	9,512915E+1
6,760000	9,515844E+1
6,765000	9,515716E+1
6,770000	9,513297E+1
6,775000	9,513934E+1
6,780000	9,516226E+1
6,785000	9,515462E+1
6,790000	9,513934E+1
6,795000	9,515971E+1
6,800000	9,517753E+1
6,805000	9,516989E+1
6,810000	9,516098E+1
6,815000	9,515462E+1
6,820000	9,518390E+1
6,825000	9,518008E+1
6,830000	9,516735E+1
6,835000	9,515844E+1
6,840000	9,518008E+1
6,845000	9,518135E+1
6,850000	9,517753E+1
6,855000	9,519154E+1
6,860000	9,519409E+1
6,865000	9,516607E+1
6,870000	9,518517E+1
6,875000	9,514825E+1
6,880000	9,520937E+1
6,885000	9,520173E+1
6,890000	9,516989E+1
6,895000	9,519536E+1
6,900000	9,519154E+1
6,905000	9,519281E+1
6,910000	9,519409E+1
6,915000	9,519027E+1
6,920000	9,519791E+1
6,925000	9,520809E+1
6,930000	9,519663E+1
6,935000	9,519791E+1
6,940000	9,522465E+1
6,945000	9,518772E+1
6,950000	9,521701E+1
6,955000	9,520555E+1
6,960000	9,521064E+1
6,965000	9,522083E+1
6,970000	9,520427E+1
6,975000	9,520300E+1
6,980000	9,522719E+1
6,985000	9,521955E+1
6,990000	9,521064E+1
6,995000	9,520682E+1
7,000000	9,522847E+1
7,005000	9,520809E+1
7,010000	9,521701E+1
7,015000	9,522210E+1
7,020000	9,522592E+1
7,025000	9,523610E+1
7,030000	9,520173E+1
7,035000	9,523738E+1
7,040000	9,525266E+1
7,045000	9,522592E+1
7,050000	9,523228E+1
7,055000	9,521955E+1
7,060000	9,523992E+1
7,065000	9,523738E+1
7,070000	9,523228E+1
7,075000	9,522719E+1
7,080000	9,523865E+1
7,085000	9,524374E+1
7,090000	9,523738E+1
7,095000	9,523610E+1
7,100000	9,525520E+1
7,105000	9,525138E+1
7,110000	9,524756E+1
7,115000	9,524502E+1
7,120000	9,528194E+1
7,125000	9,526921E+1
7,130000	9,524247E+1
7,135000	9,524884E+1
7,140000	9,525902E+1
7,145000	9,525902E+1
7,150000	9,524120E+1
7,155000	9,525266E+1
7,160000	9,527430E+1
7,165000	9,526794E+1
7,170000	9,524884E+1
7,175000	9,526412E+1
7,180000	9,525775E+1
7,185000	9,526921E+1
7,190000	9,525393E+1
7,195000	9,526921E+1
7,200000	9,527303E+1
7,205000	9,525775E+1
7,210000	9,526412E+1
7,215000	9,526794E+1
7,220000	9,527303E+1
7,225000	9,528067E+1
7,230000	9,527176E+1
7,235000	9,527430E+1
7,240000	9,524756E+1
7,245000	9,528576E+1
7,250000	9,528576E+1
7,255000	9,527430E+1
7,260000	9,528576E+1
7,265000	9,528194E+1
7,270000	9,527176E+1
7,275000	9,524120E+1
7,280000	9,530486E+1
7,285000	9,529722E+1
7,290000	9,529213E+1
7,295000	9,527940E+1
7,300000	9,530231E+1
7,305000	9,527940E+1
7,310000	9,528958E+1
7,315000	9,530104E+1
7,320000	9,530868E+1
7,325000	9,529595E+1
7,330000	9,527812E+1
7,335000	9,530741E+1
7,340000	9,530231E+1
7,345000	9,532396E+1
7,350000	9,530231E+1
7,355000	9,530359E+1
7,360000	9,532523E+1
7,365000	9,532141E+1
7,370000	9,530868E+1
7,375000	9,530359E+1
7,380000	9,531887E+1
7,385000	9,532778E+1
7,390000	9,531250E+1
7,395000	9,531377E+1
7,400000	9,533160E+1
7,405000	9,532778E+1
7,410000	9,532141E+1
7,415000	9,531505E+1
7,420000	9,531759E+1
7,425000	9,532396E+1
7,430000	9,531505E+1
7,435000	9,531759E+1
7,440000	9,532014E+1
7,445000	9,532651E+1
7,450000	9,532014E+1
7,455000	9,532905E+1
7,460000	9,534051E+1
7,465000	9,534179E+1
7,470000	9,533287E+1
7,475000	9,533542E+1
7,480000	9,533924E+1
7,485000	9,534051E+1
7,490000	9,532651E+1
7,495000	9,533415E+1
7,500000	9,535325E+1
7,505000	9,534051E+1
7,510000	9,532523E+1
7,515000	9,532905E+1
7,520000	9,535579E+1
7,525000	9,535197E+1
7,530000	9,533542E+1
7,535000	9,534688E+1
7,540000	9,536088E+1
7,545000	9,535706E+1
7,550000	9,535070E+1
7,555000	9,533542E+1
7,560000	9,534561E+1
7,565000	9,535070E+1
7,570000	9,534306E+1
7,575000	9,535706E+1
7,580000	9,536725E+1
7,585000	9,536598E+1
7,590000	9,535452E+1
7,595000	9,534688E+1
7,600000	9,536725E+1
7,605000	9,536598E+1
7,610000	9,536216E+1
7,615000	9,536343E+1
7,620000	9,537234E+1
7,625000	9,535961E+1
7,630000	9,534433E+1
7,635000	9,539144E+1
7,640000	9,535579E+1
7,645000	9,537107E+1
7,650000	9,536088E+1
7,655000	9,537744E+1
7,660000	9,537998E+1
7,665000	9,537362E+1
7,670000	9,537616E+1
7,675000	9,538635E+1
7,680000	9,538380E+1
7,685000	9,536088E+1
7,690000	9,537744E+1
7,695000	9,539526E+1
7,700000	9,538253E+1
7,705000	9,535834E+1
7,710000	9,536088E+1
7,715000	9,537616E+1
7,720000	9,538508E+1
7,725000	9,539144E+1
7,730000	9,539144E+1
7,735000	9,539272E+1
7,740000	9,540545E+1
7,745000	9,539017E+1
7,750000	9,539144E+1
7,755000	9,539272E+1
7,760000	9,539908E+1
7,765000	9,540036E+1
7,770000	9,537744E+1
7,775000	9,539272E+1
7,780000	9,540927E+1
7,785000	9,539526E+1
7,790000	9,540163E+1
7,795000	9,540290E+1
7,800000	9,539654E+1
7,805000	9,539908E+1
7,810000	9,539017E+1
7,815000	9,539654E+1
7,820000	9,540927E+1
7,825000	9,541054E+1
7,830000	9,540036E+1
7,835000	9,540290E+1
7,840000	9,540672E+1
7,845000	9,540800E+1
7,850000	9,540927E+1
7,855000	9,541054E+1
7,860000	9,542964E+1
7,865000	9,540418E+1
7,870000	9,541182E+1
7,875000	9,541054E+1
7,880000	9,542200E+1
7,885000	9,538508E+1
7,890000	9,545001E+1
7,895000	9,540800E+1
7,900000	9,542073E+1
7,905000	9,542200E+1
7,910000	9,540927E+1
7,915000	9,541945E+1
7,920000	9,543091E+1
7,925000	9,542709E+1
7,930000	9,541436E+1
7,935000	9,543346E+1
7,940000	9,544237E+1
7,945000	9,543728E+1
7,950000	9,541436E+1
7,955000	9,542327E+1
7,960000	9,544747E+1
7,965000	9,544365E+1
7,970000	9,541564E+1
7,975000	9,543855E+1
7,980000	9,544874E+1
7,985000	9,543601E+1
7,990000	9,543346E+1
7,995000	9,543091E+1
8,000000	9,544237E+1
8,005000	9,544492E+1
8,010000	9,541691E+1
8,015000	9,544365E+1
8,020000	9,545129E+1
8,025000	9,544237E+1
8,030000	9,542964E+1
8,035000	9,544492E+1
8,040000	9,544619E+1
8,045000	9,545765E+1
8,050000	9,543855E+1
8,055000	9,543728E+1
8,060000	9,544747E+1
8,065000	9,544747E+1
8,070000	9,544492E+1
8,075000	9,546020E+1
8,080000	9,546020E+1
8,085000	9,545511E+1
8,090000	9,544237E+1
8,095000	9,545765E+1
8,100000	9,546275E+1
8,105000	9,545893E+1
8,110000	9,545511E+1
8,115000	9,545511E+1
8,120000	9,546529E+1
8,125000	9,544874E+1
8,130000	9,545001E+1
8,135000	9,545638E+1
8,140000	9,547039E+1
8,145000	9,547548E+1
8,150000	9,545383E+1
8,155000	9,546147E+1
8,160000	9,546402E+1
8,165000	9,548057E+1
8,170000	9,547421E+1
8,175000	9,540163E+1
8,180000	9,551240E+1
8,185000	9,549076E+1
8,190000	9,542582E+1
8,195000	9,548948E+1
8,200000	9,544747E+1
8,205000	9,551495E+1
8,210000	9,543219E+1
8,215000	9,552259E+1
8,220000	9,545383E+1
8,225000	9,550604E+1
8,230000	9,544874E+1
8,235000	9,548057E+1
8,240000	9,552386E+1
8,245000	9,548057E+1
8,250000	9,548057E+1
8,255000	9,548694E+1
8,260000	9,548694E+1
8,265000	9,548566E+1
8,270000	9,548312E+1
8,275000	9,549076E+1
8,280000	9,549967E+1
8,285000	9,548566E+1
8,290000	9,547039E+1
8,295000	9,549840E+1
8,300000	9,549967E+1
8,305000	9,548566E+1
8,310000	9,548184E+1
8,315000	9,551240E+1
8,320000	9,550986E+1
8,325000	9,546911E+1
8,330000	9,549840E+1
8,335000	9,549330E+1
8,340000	9,551113E+1
8,345000	9,550222E+1
8,350000	9,549203E+1
8,355000	9,549712E+1
8,360000	9,550604E+1
8,365000	9,552896E+1
8,370000	9,548694E+1
8,375000	9,547675E+1
8,380000	9,551750E+1
8,385000	9,550222E+1
8,390000	9,549203E+1
8,395000	9,551750E+1
8,400000	9,550986E+1
8,405000	9,550986E+1
8,410000	9,550731E+1
8,415000	9,550731E+1
8,420000	9,551495E+1
8,425000	9,550731E+1
8,430000	9,550986E+1
8,435000	9,551113E+1
8,440000	9,552132E+1
8,445000	9,552004E+1
8,450000	9,550858E+1
8,455000	9,551368E+1
8,460000	9,551750E+1
8,465000	9,552514E+1
8,470000	9,550986E+1
8,475000	9,552004E+1
8,480000	9,551877E+1
8,485000	9,551750E+1
8,490000	9,550858E+1
8,495000	9,553150E+1
8,500000	9,553787E+1
8,505000	9,551368E+1
8,510000	9,551622E+1
8,515000	9,552132E+1
8,520000	9,553660E+1
8,525000	9,552386E+1
8,530000	9,552132E+1
8,535000	9,553278E+1
8,540000	9,554169E+1
8,545000	9,553278E+1
8,550000	9,552514E+1
8,555000	9,552514E+1
8,560000	9,553150E+1
8,565000	9,551750E+1
8,570000	9,552768E+1
8,575000	9,553532E+1
8,580000	9,553660E+1
8,585000	9,552641E+1
8,590000	9,553532E+1
8,595000	9,554296E+1
8,600000	9,554551E+1
8,605000	9,553150E+1
8,610000	9,553914E+1
8,615000	9,554169E+1
8,620000	9,554423E+1
8,625000	9,551750E+1
8,630000	9,554169E+1
8,635000	9,554296E+1
8,640000	9,555442E+1
8,645000	9,554933E+1
8,650000	9,554169E+1
8,655000	9,554423E+1
8,660000	9,554678E+1
8,665000	9,554551E+1
8,670000	9,553914E+1
8,675000	9,554678E+1
8,680000	9,556079E+1
8,685000	9,556333E+1
8,690000	9,554042E+1
8,695000	9,555824E+1
8,700000	9,555951E+1
8,705000	9,553660E+1
8,710000	9,554551E+1
8,715000	9,556970E+1
8,720000	9,557097E+1
8,725000	9,555060E+1
8,730000	9,555569E+1
8,735000	9,556461E+1
8,740000	9,556206E+1
8,745000	9,556079E+1
8,750000	9,553660E+1
8,755000	9,557097E+1
8,760000	9,557734E+1
8,765000	9,555187E+1
8,770000	9,555060E+1
8,775000	9,557352E+1
8,780000	9,558371E+1
8,785000	9,557097E+1
8,790000	9,556206E+1
8,795000	9,556843E+1
8,800000	9,557861E+1
8,805000	9,553532E+1
8,810000	9,555697E+1
8,815000	9,556970E+1
8,820000	9,557097E+1
8,825000	9,556843E+1
8,830000	9,556588E+1
8,835000	9,557989E+1
8,840000	9,556970E+1
8,845000	9,556715E+1
8,850000	9,558371E+1
8,855000	9,557861E+1
8,860000	9,558498E+1
8,865000	9,557734E+1
8,870000	9,557225E+1
8,875000	9,557607E+1
8,880000	9,559389E+1
8,885000	9,558753E+1
8,890000	9,558243E+1
8,895000	9,560026E+1
8,900000	9,559389E+1
8,905000	9,558498E+1
8,910000	9,557861E+1
8,915000	9,558498E+1
8,920000	9,558498E+1
8,925000	9,558753E+1
8,930000	9,557861E+1
8,935000	9,559262E+1
8,940000	9,559135E+1
8,945000	9,557352E+1
8,950000	9,557989E+1
8,955000	9,560026E+1
8,960000	9,559644E+1
8,965000	9,559262E+1
8,970000	9,559007E+1
8,975000	9,558753E+1
8,980000	9,560535E+1
8,985000	9,558880E+1
8,990000	9,556079E+1
8,995000	9,561172E+1
9,000000	9,560408E+1
9,005000	9,559389E+1
9,010000	9,559899E+1
9,015000	9,559771E+1
9,020000	9,559899E+1
9,025000	9,559135E+1
9,030000	9,558498E+1
9,035000	9,562572E+1
9,040000	9,560790E+1
9,045000	9,559135E+1
9,050000	9,559007E+1
9,055000	9,560662E+1
9,060000	9,560408E+1
9,065000	9,560535E+1
9,070000	9,559899E+1
9,075000	9,559771E+1
9,080000	9,561426E+1
9,085000	9,559771E+1
9,090000	9,559389E+1
9,095000	9,560153E+1
9,100000	9,560917E+1
9,105000	9,562318E+1
9,110000	9,560662E+1
9,115000	9,561936E+1
9,120000	9,560281E+1
9,125000	9,560281E+1
9,130000	9,560790E+1
9,135000	9,562445E+1
9,140000	9,559899E+1
9,145000	9,561426E+1
9,150000	9,560790E+1
9,155000	9,561808E+1
9,160000	9,561936E+1
9,165000	9,560662E+1
9,170000	9,560917E+1
9,175000	9,561808E+1
9,180000	9,561681E+1
9,185000	9,561044E+1
9,190000	9,561554E+1
9,195000	9,564737E+1
9,200000	9,562063E+1
9,205000	9,559644E+1
9,210000	9,561808E+1
9,215000	9,564737E+1
9,220000	9,563336E+1
9,225000	9,561554E+1
9,230000	9,561172E+1
9,235000	9,562954E+1
9,240000	9,563846E+1
9,245000	9,562572E+1
9,250000	9,563464E+1
9,255000	9,564355E+1
9,260000	9,562954E+1
9,265000	9,562318E+1
9,270000	9,561681E+1
9,275000	9,561681E+1
9,280000	9,562954E+1
9,285000	9,562190E+1
9,290000	9,562063E+1
9,295000	9,563209E+1
9,300000	9,564737E+1
9,305000	9,564482E+1
9,310000	9,563973E+1
9,315000	9,567793E+1
9,320000	9,561044E+1
9,325000	9,562954E+1
9,330000	9,563082E+1
9,335000	9,563718E+1
9,340000	9,563082E+1
9,345000	9,561808E+1
9,350000	9,566774E+1
9,355000	9,562445E+1
9,360000	9,563464E+1
9,365000	9,564228E+1
9,370000	9,562700E+1
9,375000	9,564482E+1
9,380000	9,568811E+1
9,385000	9,563209E+1
9,390000	9,564100E+1
9,395000	9,564610E+1
9,400000	9,564992E+1
9,405000	9,563209E+1
9,410000	9,563082E+1
9,415000	9,563464E+1
9,420000	9,564355E+1
9,425000	9,565246E+1
9,430000	9,564100E+1
9,435000	9,564737E+1
9,440000	9,565374E+1
9,445000	9,564482E+1
9,450000	9,565374E+1
9,455000	9,566138E+1
9,460000	9,566265E+1
9,465000	9,564864E+1
9,470000	9,562954E+1
9,475000	9,564355E+1
9,480000	9,566010E+1
9,485000	9,565119E+1
9,490000	9,565374E+1
9,495000	9,565119E+1
9,500000	9,565628E+1
9,505000	9,566774E+1
9,510000	9,566265E+1
9,515000	9,567538E+1
9,520000	9,566265E+1
9,525000	9,564737E+1
9,530000	9,566010E+1
9,535000	9,566265E+1
9,540000	9,566138E+1
9,545000	9,565756E+1
9,550000	9,565883E+1
9,555000	9,567665E+1
9,560000	9,566010E+1
9,565000	9,566138E+1
9,570000	9,565501E+1
9,575000	9,568557E+1
9,580000	9,565246E+1
9,585000	9,567411E+1
9,590000	9,566265E+1
9,595000	9,566138E+1
9,600000	9,565756E+1
9,605000	9,566010E+1
9,610000	9,566010E+1
9,615000	9,568429E+1
9,620000	9,568302E+1
9,625000	9,566647E+1
9,630000	9,568429E+1
9,635000	9,568811E+1
9,640000	9,568175E+1
9,645000	9,566392E+1
9,650000	9,568047E+1
9,655000	9,569575E+1
9,660000	9,567538E+1
9,665000	9,567793E+1
9,670000	9,567793E+1
9,675000	9,566901E+1
9,680000	9,568429E+1
9,685000	9,567793E+1
9,690000	9,567538E+1
9,695000	9,568811E+1
9,700000	9,568302E+1
9,705000	9,568047E+1
9,710000	9,568557E+1
9,715000	9,568939E+1
9,720000	9,568302E+1
9,725000	9,567920E+1
9,730000	9,567156E+1
9,735000	9,570721E+1
9,740000	9,569193E+1
9,745000	9,569193E+1
9,750000	9,568429E+1
9,755000	9,570467E+1
9,760000	9,568175E+1
9,765000	9,567156E+1
9,770000	9,569193E+1
9,775000	9,570721E+1
9,780000	9,569321E+1
9,785000	9,569830E+1
9,790000	9,568557E+1
9,795000	9,569830E+1
9,800000	9,570849E+1
9,805000	9,567793E+1
9,810000	9,568811E+1
9,815000	9,569957E+1
9,820000	9,570976E+1
9,825000	9,568939E+1
9,830000	9,570212E+1
9,835000	9,570594E+1
9,840000	9,570085E+1
9,845000	9,569321E+1
9,850000	9,568811E+1
9,855000	9,571103E+1
9,860000	9,568684E+1
9,865000	9,568047E+1
9,870000	9,570594E+1
9,875000	9,571231E+1
9,880000	9,570594E+1
9,885000	9,565501E+1
9,890000	9,570849E+1
9,895000	9,570976E+1
9,900000	9,568811E+1
9,905000	9,568047E+1
9,910000	9,569703E+1
9,915000	9,570849E+1
9,920000	9,571867E+1
9,925000	9,572122E+1
9,930000	9,569830E+1
9,935000	9,570849E+1
9,940000	9,571995E+1
9,945000	9,572377E+1
9,950000	9,570976E+1
9,955000	9,570339E+1
9,960000	9,571231E+1
9,965000	9,570594E+1
9,970000	9,570976E+1
9,975000	9,571485E+1
9,980000	9,571740E+1
9,985000	9,569321E+1
9,990000	9,569830E+1
9,995000	9,571740E+1
10,000000	9,572377E+1
10,005000	9,572249E+1
10,010000	9,573268E+1
10,015000	9,571995E+1
10,020000	9,570339E+1
10,025000	9,570339E+1
10,030000	9,571613E+1
10,035000	9,571613E+1
10,040000	9,574796E+1
10,045000	9,570085E+1
10,050000	9,569575E+1
10,055000	9,575432E+1
10,060000	9,571740E+1
10,065000	9,571103E+1
10,070000	9,572504E+1
10,075000	9,571613E+1
10,080000	9,572504E+1
10,085000	9,571740E+1
10,090000	9,573141E+1
10,095000	9,574286E+1
10,100000	9,572377E+1
10,105000	9,571485E+1
10,110000	9,572631E+1
10,115000	9,573395E+1
10,120000	9,575178E+1
10,125000	9,573013E+1
10,130000	9,572886E+1
10,135000	9,571995E+1
10,140000	9,572249E+1
10,145000	9,574541E+1
10,150000	9,572886E+1
10,155000	9,569830E+1
10,160000	9,574286E+1
10,165000	9,573141E+1
10,170000	9,573522E+1
10,175000	9,572759E+1
10,180000	9,573268E+1
10,185000	9,574032E+1
10,190000	9,569448E+1
10,195000	9,577724E+1
10,200000	9,570085E+1
10,205000	9,575560E+1
10,210000	9,573904E+1
10,215000	9,574668E+1
10,220000	9,574159E+1
10,225000	9,573904E+1
10,230000	9,574668E+1
10,235000	9,575050E+1
10,240000	9,574414E+1
10,245000	9,573395E+1
10,250000	9,573013E+1
10,255000	9,573904E+1
10,260000	9,573650E+1
10,265000	9,575942E+1
10,270000	9,575178E+1
10,275000	9,573395E+1
10,280000	9,573904E+1
10,285000	9,575560E+1
10,290000	9,574541E+1
10,295000	9,572631E+1
10,300000	9,572249E+1
10,305000	9,575560E+1
10,310000	9,576706E+1
10,315000	9,576833E+1
10,320000	9,572886E+1
10,325000	9,575687E+1
10,330000	9,576833E+1
10,335000	9,572504E+1
10,340000	9,577852E+1
10,345000	9,575942E+1
10,350000	9,573013E+1
10,355000	9,574414E+1
10,360000	9,573141E+1
10,365000	9,573650E+1
10,370000	9,576196E+1
10,375000	9,576960E+1
10,380000	9,572504E+1
10,385000	9,574286E+1
10,390000	9,576960E+1
10,395000	9,574414E+1
10,400000	9,575432E+1
10,405000	9,575942E+1
10,410000	9,575942E+1
10,415000	9,575305E+1
10,420000	9,574286E+1
10,425000	9,575305E+1
10,430000	9,576833E+1
10,435000	9,577470E+1
10,440000	9,575432E+1
10,445000	9,572377E+1
10,450000	9,575050E+1
10,455000	9,578361E+1
10,460000	9,577470E+1
10,465000	9,576069E+1
10,470000	9,575305E+1
10,475000	9,575305E+1
10,480000	9,575178E+1
10,485000	9,577088E+1
10,490000	9,578616E+1
10,495000	9,575814E+1
10,500000	9,577724E+1
10,505000	9,577724E+1
10,510000	9,576833E+1
10,515000	9,576578E+1
10,520000	9,575305E+1
10,525000	9,577470E+1
10,530000	9,577470E+1
10,535000	9,578234E+1
10,540000	9,575305E+1
10,545000	9,576324E+1
10,550000	9,575178E+1
10,555000	9,576196E+1
10,560000	9,578488E+1
10,565000	9,577597E+1
10,570000	9,576833E+1
10,575000	9,575814E+1
10,580000	9,576451E+1
10,585000	9,580271E+1
10,590000	9,575814E+1
10,595000	9,575687E+1
10,600000	9,580016E+1
10,605000	9,576324E+1
10,610000	9,576451E+1
10,615000	9,579252E+1
10,620000	9,578743E+1
10,625000	9,576706E+1
10,630000	9,575560E+1
10,635000	9,577215E+1
10,640000	9,577852E+1
10,645000	9,578234E+1
10,650000	9,576069E+1
10,655000	9,579252E+1
10,660000	9,577597E+1
10,665000	9,574032E+1
10,670000	9,579380E+1
10,675000	9,580271E+1
10,680000	9,576706E+1
10,685000	9,576196E+1
10,690000	9,579634E+1
10,695000	9,578870E+1
10,700000	9,577852E+1
10,705000	9,575050E+1
10,710000	9,579507E+1
10,715000	9,580525E+1
10,720000	9,578870E+1
10,725000	9,576706E+1
10,730000	9,575942E+1
10,735000	9,579125E+1
10,740000	9,579252E+1
10,745000	9,579380E+1
10,750000	9,580271E+1
10,755000	9,575305E+1
10,760000	9,579634E+1
10,765000	9,578870E+1
10,770000	9,578616E+1
10,775000	9,580143E+1
10,780000	9,578234E+1
10,785000	9,575432E+1
10,790000	9,577470E+1
10,795000	9,578870E+1
10,800000	9,580653E+1
10,805000	9,579507E+1
10,810000	9,578998E+1
10,815000	9,579761E+1
10,820000	9,578106E+1
10,825000	9,576833E+1
10,830000	9,579507E+1
10,835000	9,581799E+1
10,840000	9,573904E+1
10,845000	9,578361E+1
10,850000	9,580525E+1
10,855000	9,581035E+1
10,860000	9,579634E+1
10,865000	9,576069E+1
10,870000	9,580525E+1
10,875000	9,581417E+1
10,880000	9,578998E+1
10,885000	9,578106E+1
10,890000	9,579125E+1
10,895000	9,580143E+1
10,900000	9,579380E+1
10,905000	9,580653E+1
10,910000	9,579380E+1
10,915000	9,578743E+1
10,920000	9,576960E+1
10,925000	9,579889E+1
10,930000	9,581926E+1
10,935000	9,580143E+1
10,940000	9,576960E+1
10,945000	9,580271E+1
10,950000	9,580398E+1
10,955000	9,580907E+1
10,960000	9,580525E+1

