date/time: ,04/07/2024,07:51 p.m.
Run 1

time	(KPA)
0,000000	1,016597E+2
0,005000	1,016508E+2
0,010000	1,016763E+2
0,015000	1,016610E+2
0,020000	1,016508E+2
0,025000	1,016457E+2
0,030000	1,016648E+2
0,035000	1,016699E+2
0,040000	1,016750E+2
0,045000	1,016292E+2
0,050000	1,016750E+2
0,055000	1,016534E+2
0,060000	1,016470E+2
0,065000	1,016457E+2
0,070000	1,016610E+2
0,075000	1,016534E+2
0,080000	1,016495E+2
0,085000	1,016508E+2
0,090000	1,016597E+2
0,095000	1,016737E+2
0,100000	1,016572E+2
0,105000	1,016292E+2
0,110000	1,016483E+2
0,115000	1,016495E+2
0,120000	1,016521E+2
0,125000	1,016495E+2
0,130000	1,016636E+2
0,135000	1,016661E+2
0,140000	1,016572E+2
0,145000	1,016254E+2
0,150000	1,016928E+2
0,155000	1,016585E+2
0,160000	1,016534E+2
0,165000	1,016546E+2
0,170000	1,016508E+2
0,175000	1,016534E+2
0,180000	1,016521E+2
0,185000	1,016445E+2
0,190000	1,016610E+2
0,195000	1,016826E+2
0,200000	1,016546E+2
0,205000	1,016572E+2
0,210000	1,016559E+2
0,215000	1,016521E+2
0,220000	1,016572E+2
0,225000	1,016674E+2
0,230000	1,016648E+2
0,235000	1,016483E+2
0,240000	1,016636E+2
0,245000	1,016546E+2
0,250000	1,016572E+2
0,255000	1,016445E+2
0,260000	1,016623E+2
0,265000	1,016457E+2
0,270000	1,016585E+2
0,275000	1,016546E+2
0,280000	1,016470E+2
0,285000	1,016470E+2
0,290000	1,016610E+2
0,295000	1,016623E+2
0,300000	1,016636E+2
0,305000	1,016585E+2
0,310000	1,016801E+2
0,315000	1,016686E+2
0,320000	1,016381E+2
0,325000	1,016445E+2
0,330000	1,016674E+2
0,335000	1,016712E+2
0,340000	1,016521E+2
0,345000	1,016419E+2
0,350000	1,016648E+2
0,355000	1,016508E+2
0,360000	1,016432E+2
0,365000	1,016445E+2
0,370000	1,016585E+2
0,375000	1,016572E+2
0,380000	1,016572E+2
0,385000	1,016610E+2
0,390000	1,016521E+2
0,395000	1,016636E+2
0,400000	1,016559E+2
0,405000	1,016508E+2
0,410000	1,016623E+2
0,415000	1,016661E+2
0,420000	1,016559E+2
0,425000	1,016546E+2
0,430000	1,016686E+2
0,435000	1,016725E+2
0,440000	1,016495E+2
0,445000	1,016483E+2
0,450000	1,016686E+2
0,455000	1,016890E+2
0,460000	1,016355E+2
0,465000	1,016546E+2
0,470000	1,016661E+2
0,475000	1,016674E+2
0,480000	1,016495E+2
0,485000	1,016483E+2
0,490000	1,016699E+2
0,495000	1,016623E+2
0,500000	1,016521E+2
0,505000	1,016419E+2
0,510000	1,016585E+2
0,515000	1,016534E+2
0,520000	1,016585E+2
0,525000	1,016457E+2
0,530000	1,016661E+2
0,535000	1,016457E+2
0,540000	1,016737E+2
0,545000	1,016215E+2
0,550000	1,016814E+2
0,555000	1,016636E+2
0,560000	1,016241E+2
0,565000	1,016457E+2
0,570000	1,016725E+2
0,575000	1,016686E+2
0,580000	1,016483E+2
0,585000	1,016495E+2
0,590000	1,016661E+2
0,595000	1,016559E+2
0,600000	1,016636E+2
0,605000	1,016610E+2
0,610000	1,016394E+2
0,615000	1,016648E+2
0,620000	1,016483E+2
0,625000	1,016546E+2
0,630000	1,016610E+2
0,635000	1,016597E+2
0,640000	1,016381E+2
0,645000	1,016699E+2
0,650000	1,016610E+2
0,655000	1,016546E+2
0,660000	1,016330E+2
0,665000	1,016406E+2
0,670000	1,016648E+2
0,675000	1,016648E+2
0,680000	1,016546E+2
0,685000	1,016521E+2
0,690000	1,016610E+2
0,695000	1,016534E+2
0,700000	1,016534E+2
0,705000	1,016546E+2
0,710000	1,016597E+2
0,715000	1,016699E+2
0,720000	1,016636E+2
0,725000	1,016585E+2
0,730000	1,016712E+2
0,735000	1,016317E+2
0,740000	1,016495E+2
0,745000	1,016648E+2
0,750000	1,016839E+2
0,755000	1,016674E+2
0,760000	1,016304E+2
0,765000	1,016585E+2
0,770000	1,016750E+2
0,775000	1,016661E+2
0,780000	1,016534E+2
0,785000	1,016559E+2
0,790000	1,016877E+2
0,795000	1,016648E+2
0,800000	1,016521E+2
0,805000	1,016445E+2
0,810000	1,016508E+2
0,815000	1,016648E+2
0,820000	1,016534E+2
0,825000	1,016725E+2
0,830000	1,016750E+2
0,835000	1,016508E+2
0,840000	1,016343E+2
0,845000	1,016572E+2
0,850000	1,016661E+2
0,855000	1,016674E+2
0,860000	1,016597E+2
0,865000	1,016534E+2
0,870000	1,016623E+2
0,875000	1,016521E+2
0,880000	1,016445E+2
0,885000	1,016534E+2
0,890000	1,016585E+2
0,895000	1,016712E+2
0,900000	1,016495E+2
0,905000	1,016546E+2
0,910000	1,016559E+2
0,915000	1,016495E+2
0,920000	1,016419E+2
0,925000	1,016508E+2
0,930000	1,016686E+2
0,935000	1,016534E+2
0,940000	1,016483E+2
0,945000	1,016546E+2
0,950000	1,016648E+2
0,955000	1,016495E+2
0,960000	1,016559E+2
0,965000	1,016534E+2
0,970000	1,016648E+2
0,975000	1,016559E+2
0,980000	1,016406E+2
0,985000	1,016457E+2
0,990000	1,016712E+2
0,995000	1,016546E+2
1,000000	1,016597E+2
1,005000	1,016292E+2
1,010000	1,016661E+2
1,015000	1,016610E+2
1,020000	1,016559E+2
1,025000	1,016445E+2
1,030000	1,016572E+2
1,035000	1,016674E+2
1,040000	1,016559E+2
1,045000	1,016559E+2
1,050000	1,016648E+2
1,055000	1,016610E+2
1,060000	1,016483E+2
1,065000	1,016534E+2
1,070000	1,016788E+2
1,075000	1,016788E+2
1,080000	1,016215E+2
1,085000	1,016559E+2
1,090000	1,016737E+2
1,095000	1,016585E+2
1,100000	1,016368E+2
1,105000	1,016661E+2
1,110000	1,016623E+2
1,115000	1,016839E+2
1,120000	1,016254E+2
1,125000	1,016483E+2
1,130000	1,016585E+2
1,135000	1,016623E+2
1,140000	1,016534E+2
1,145000	1,016597E+2
1,150000	1,016623E+2
1,155000	1,016763E+2
1,160000	1,016559E+2
1,165000	1,016445E+2
1,170000	1,016559E+2
1,175000	1,016610E+2
1,180000	1,016508E+2
1,185000	1,016559E+2
1,190000	1,016597E+2
1,195000	1,016674E+2
1,200000	1,016521E+2
1,205000	1,016674E+2
1,210000	1,016826E+2
1,215000	1,016508E+2
1,220000	1,016445E+2
1,225000	1,016470E+2
1,230000	1,016610E+2
1,235000	1,016699E+2
1,240000	1,016610E+2
1,245000	1,016648E+2
1,250000	1,016776E+2
1,255000	1,016572E+2
1,260000	1,016521E+2
1,265000	1,016546E+2
1,270000	1,016636E+2
1,275000	1,016585E+2
1,280000	1,016177E+2
1,285000	1,017043E+2
1,290000	1,016597E+2
1,295000	1,016610E+2
1,300000	1,016585E+2
1,305000	1,016521E+2
1,310000	1,016648E+2
1,315000	1,016712E+2
1,320000	1,016419E+2
1,325000	1,016546E+2
1,330000	1,016508E+2
1,335000	1,016419E+2
1,340000	1,016483E+2
1,345000	1,016852E+2
1,350000	1,016686E+2
1,355000	1,016495E+2
1,360000	1,016432E+2
1,365000	1,016521E+2
1,370000	1,016686E+2
1,375000	1,016699E+2
1,380000	1,016610E+2
1,385000	1,016495E+2
1,390000	1,016788E+2
1,395000	1,016432E+2
1,400000	1,016419E+2
1,405000	1,016585E+2
1,410000	1,016725E+2
1,415000	1,016661E+2
1,420000	1,016457E+2
1,425000	1,016610E+2
1,430000	1,016725E+2
1,435000	1,016776E+2
1,440000	1,016508E+2
1,445000	1,016534E+2
1,450000	1,016661E+2
1,455000	1,016636E+2
1,460000	1,016470E+2
1,465000	1,016661E+2
1,470000	1,016737E+2
1,475000	1,016928E+2
1,480000	1,016304E+2
1,485000	1,016686E+2
1,490000	1,016788E+2
1,495000	1,016521E+2
1,500000	1,016381E+2
1,505000	1,016610E+2
1,510000	1,016712E+2
1,515000	1,016852E+2
1,520000	1,016457E+2
1,525000	1,016495E+2
1,530000	1,016686E+2
1,535000	1,016686E+2
1,540000	1,016686E+2
1,545000	1,016648E+2
1,550000	1,016826E+2
1,555000	1,016661E+2
1,560000	1,016457E+2
1,565000	1,016495E+2
1,570000	1,016725E+2
1,575000	1,016661E+2
1,580000	1,016559E+2
1,585000	1,016725E+2
1,590000	1,016814E+2
1,595000	1,016597E+2
1,600000	1,016330E+2
1,605000	1,016597E+2
1,610000	1,016890E+2
1,615000	1,016559E+2
1,620000	1,016177E+2
1,625000	1,016636E+2
1,630000	1,016776E+2
1,635000	1,016572E+2
1,640000	1,016483E+2
1,645000	1,016432E+2
1,650000	1,016585E+2
1,655000	1,016623E+2
1,660000	1,016776E+2
1,665000	1,016585E+2
1,670000	1,016597E+2
1,675000	1,016483E+2
1,680000	1,016725E+2
1,685000	1,016750E+2
1,690000	1,016521E+2
1,695000	1,016597E+2
1,700000	1,016445E+2
1,705000	1,016814E+2
1,710000	1,016699E+2
1,715000	1,016394E+2
1,720000	1,016394E+2
1,725000	1,016877E+2
1,730000	1,016712E+2
1,735000	1,016152E+2
1,740000	1,016521E+2
1,745000	1,016725E+2
1,750000	1,016661E+2
1,755000	1,016648E+2
1,760000	1,016470E+2
1,765000	1,016661E+2
1,770000	1,016750E+2
1,775000	1,016610E+2
1,780000	1,016508E+2
1,785000	1,016279E+2
1,790000	1,016967E+2
1,795000	1,016164E+2
1,800000	1,016750E+2
1,805000	1,016406E+2
1,810000	1,017081E+2
1,815000	1,016457E+2
1,820000	1,016330E+2
1,825000	1,016546E+2
1,830000	1,016674E+2
1,835000	1,016623E+2
1,840000	1,016495E+2
1,845000	1,016597E+2
1,850000	1,016712E+2
1,855000	1,016636E+2
1,860000	1,016432E+2
1,865000	1,016457E+2
1,870000	1,016636E+2
1,875000	1,016597E+2
1,880000	1,016661E+2
1,885000	1,016648E+2
1,890000	1,016610E+2
1,895000	1,016457E+2
1,900000	1,016445E+2
1,905000	1,016814E+2
1,910000	1,016699E+2
1,915000	1,016648E+2
1,920000	1,016508E+2
1,925000	1,016495E+2
1,930000	1,016686E+2
1,935000	1,016801E+2
1,940000	1,016343E+2
1,945000	1,016330E+2
1,950000	1,016712E+2
1,955000	1,016737E+2
1,960000	1,016661E+2
1,965000	1,016534E+2
1,970000	1,016788E+2
1,975000	1,016534E+2
1,980000	1,016483E+2
1,985000	1,016597E+2
1,990000	1,016763E+2
1,995000	1,016597E+2
2,000000	1,016521E+2
2,005000	1,016686E+2
2,010000	1,016686E+2
2,015000	1,016661E+2
2,020000	1,016534E+2
2,025000	1,016788E+2
2,030000	1,016623E+2
2,035000	1,016483E+2
2,040000	1,016508E+2
2,045000	1,016585E+2
2,050000	1,016636E+2
2,055000	1,016597E+2
2,060000	1,016457E+2
2,065000	1,016572E+2
2,070000	1,016648E+2
2,075000	1,016521E+2
2,080000	1,016432E+2
2,085000	1,016674E+2
2,090000	1,016699E+2
2,095000	1,016699E+2
2,100000	1,016483E+2
2,105000	1,016610E+2
2,110000	1,016597E+2
2,115000	1,016636E+2
2,120000	1,016546E+2
2,125000	1,016483E+2
2,130000	1,016750E+2
2,135000	1,016661E+2
2,140000	1,016508E+2
2,145000	1,016763E+2
2,150000	1,016674E+2
2,155000	1,016661E+2
2,160000	1,016495E+2
2,165000	1,016674E+2
2,170000	1,016636E+2
2,175000	1,016521E+2
2,180000	1,016457E+2
2,185000	1,016750E+2
2,190000	1,016636E+2
2,195000	1,016559E+2
2,200000	1,016457E+2
2,205000	1,016610E+2
2,210000	1,016712E+2
2,215000	1,016534E+2
2,220000	1,016457E+2
2,225000	1,016623E+2
2,230000	1,016636E+2
2,235000	1,016266E+2
2,240000	1,016597E+2
2,245000	1,016572E+2
2,250000	1,016725E+2
2,255000	1,016585E+2
2,260000	1,016597E+2
2,265000	1,016610E+2
2,270000	1,016712E+2
2,275000	1,016623E+2
2,280000	1,016597E+2
2,285000	1,016814E+2
2,290000	1,016355E+2
2,295000	1,016903E+2
2,300000	1,016394E+2
2,305000	1,016610E+2
2,310000	1,016699E+2
2,315000	1,016597E+2
2,320000	1,016457E+2
2,325000	1,016674E+2
2,330000	1,016648E+2
2,335000	1,016597E+2
2,340000	1,016585E+2
2,345000	1,016686E+2
2,350000	1,016610E+2
2,355000	1,016674E+2
2,360000	1,016534E+2
2,365000	1,016636E+2
2,370000	1,016674E+2
2,375000	1,016585E+2
2,380000	1,016546E+2
2,385000	1,016572E+2
2,390000	1,016508E+2
2,395000	1,016406E+2
2,400000	1,016381E+2
2,405000	1,016699E+2
2,410000	1,016788E+2
2,415000	1,016457E+2
2,420000	1,016419E+2
2,425000	1,016597E+2
2,430000	1,016712E+2
2,435000	1,016521E+2
2,440000	1,016495E+2
2,445000	1,016661E+2
2,450000	1,016686E+2
2,455000	1,016534E+2
2,460000	1,016559E+2
2,465000	1,016534E+2
2,470000	1,016585E+2
2,475000	1,016534E+2
2,480000	1,016508E+2
2,485000	1,016534E+2
2,490000	1,016725E+2
2,495000	1,016368E+2
2,500000	1,016177E+2
2,505000	1,015884E+2
2,510000	1,015897E+2
2,515000	1,015260E+2
2,520000	1,015133E+2
2,525000	1,014624E+2
2,530000	1,014305E+2
2,535000	1,013796E+2
2,540000	1,013350E+2
2,545000	1,013045E+2
2,550000	1,012434E+2
2,555000	1,011695E+2
2,560000	1,011148E+2
2,565000	1,010575E+2
2,570000	1,010040E+2
2,575000	1,009314E+2
2,580000	1,008563E+2
2,585000	1,008015E+2
2,590000	1,007341E+2
2,595000	1,006539E+2
2,600000	1,005647E+2
2,605000	1,005176E+2
2,610000	1,004667E+2
2,615000	1,003814E+2
2,620000	1,002948E+2
2,625000	1,002451E+2
2,630000	1,001917E+2
2,635000	1,001102E+2
2,640000	1,000363E+2
2,645000	9,997520E+1
2,650000	9,993318E+1
2,655000	9,986061E+1
2,660000	9,977530E+1
2,665000	9,970399E+1
2,670000	9,964797E+1
2,675000	9,957412E+1
2,680000	9,951682E+1
2,685000	9,948372E+1
2,690000	9,941369E+1
2,695000	9,934111E+1
2,700000	9,929528E+1
2,705000	9,925835E+1
2,710000	9,920997E+1
2,715000	9,915522E+1
2,720000	9,911447E+1
2,725000	9,908264E+1
2,730000	9,903935E+1
2,735000	9,896805E+1
2,740000	9,892985E+1
2,745000	9,890820E+1
2,750000	9,887637E+1
2,755000	9,883181E+1
2,760000	9,878852E+1
2,765000	9,877196E+1
2,770000	9,875923E+1
2,775000	9,870957E+1
2,780000	9,866501E+1
2,785000	9,865228E+1
2,790000	9,861153E+1
2,795000	9,855551E+1
2,800000	9,854150E+1
2,805000	9,852622E+1
2,810000	9,849185E+1
2,815000	9,845619E+1
2,820000	9,841672E+1
2,825000	9,842946E+1
2,830000	9,838998E+1
2,835000	9,836070E+1
2,840000	9,831741E+1
2,845000	9,829831E+1
2,850000	9,828303E+1
2,855000	9,824101E+1
2,860000	9,821300E+1
2,865000	9,819899E+1
2,870000	9,817226E+1
2,875000	9,814042E+1
2,880000	9,810987E+1
2,885000	9,808440E+1
2,890000	9,806530E+1
2,895000	9,801946E+1
2,900000	9,800418E+1
2,905000	9,797617E+1
2,910000	9,796853E+1
2,915000	9,791633E+1
2,920000	9,787431E+1
2,925000	9,788450E+1
2,930000	9,783357E+1
2,935000	9,780174E+1
2,940000	9,777118E+1
2,945000	9,775208E+1
2,950000	9,772789E+1
2,955000	9,769223E+1
2,960000	9,766550E+1
2,965000	9,764767E+1
2,970000	9,762220E+1
2,975000	9,759419E+1
2,980000	9,753817E+1
2,985000	9,753690E+1
2,990000	9,749615E+1
2,995000	9,747323E+1
3,000000	9,744013E+1
3,005000	9,742358E+1
3,010000	9,738665E+1
3,015000	9,735737E+1
3,020000	9,733699E+1
3,025000	9,730898E+1
3,030000	9,728352E+1
3,035000	9,723895E+1
3,040000	9,722367E+1
3,045000	9,717911E+1
3,050000	9,718929E+1
3,055000	9,712054E+1
3,060000	9,709889E+1
3,065000	9,707725E+1
3,070000	9,705942E+1
3,075000	9,700976E+1
3,080000	9,697666E+1
3,085000	9,694865E+1
3,090000	9,694101E+1
3,095000	9,689135E+1
3,100000	9,687734E+1
3,105000	9,687098E+1
3,110000	9,683787E+1
3,115000	9,679968E+1
3,120000	9,676530E+1
3,125000	9,679458E+1
3,130000	9,674747E+1
3,135000	9,669399E+1
3,140000	9,667362E+1
3,145000	9,666853E+1
3,150000	9,665580E+1
3,155000	9,662269E+1
3,160000	9,659213E+1
3,165000	9,659468E+1
3,170000	9,657685E+1
3,175000	9,654630E+1
3,180000	9,654502E+1
3,185000	9,653356E+1
3,190000	9,651319E+1
3,195000	9,652083E+1
3,200000	9,643807E+1
3,205000	9,648263E+1
3,210000	9,645717E+1
3,215000	9,641770E+1
3,220000	9,640878E+1
3,225000	9,640751E+1
3,230000	9,639350E+1
3,235000	9,634512E+1
3,240000	9,632857E+1
3,245000	9,634003E+1
3,250000	9,631329E+1
3,255000	9,628273E+1
3,260000	9,628273E+1
3,265000	9,626872E+1
3,270000	9,625726E+1
3,275000	9,622416E+1
3,280000	9,621270E+1
3,285000	9,620633E+1
3,290000	9,618341E+1
3,295000	9,615668E+1
3,300000	9,614012E+1
3,305000	9,613376E+1
3,310000	9,612230E+1
3,315000	9,608410E+1
3,320000	9,608537E+1
3,325000	9,608792E+1
3,330000	9,607773E+1
3,335000	9,603826E+1
3,340000	9,601789E+1
3,345000	9,600898E+1
3,350000	9,599624E+1
3,355000	9,595677E+1
3,360000	9,594277E+1
3,365000	9,594786E+1
3,370000	9,593767E+1
3,375000	9,588292E+1
3,380000	9,590584E+1
3,385000	9,590839E+1
3,390000	9,588547E+1
3,395000	9,585364E+1
3,400000	9,583581E+1
3,405000	9,585619E+1
3,410000	9,583836E+1
3,415000	9,580525E+1
3,420000	9,578743E+1
3,425000	9,578743E+1
3,430000	9,577342E+1
3,435000	9,573650E+1
3,440000	9,574414E+1
3,445000	9,573777E+1
3,450000	9,573268E+1
3,455000	9,570594E+1
3,460000	9,570721E+1
3,465000	9,569703E+1
3,470000	9,567156E+1
3,475000	9,564482E+1
3,480000	9,564228E+1
3,485000	9,564610E+1
3,490000	9,564864E+1
3,495000	9,560535E+1
3,500000	9,559007E+1
3,505000	9,560026E+1
3,510000	9,559644E+1
3,515000	9,555697E+1
3,520000	9,556843E+1
3,525000	9,556715E+1
3,530000	9,555697E+1
3,535000	9,555824E+1
3,540000	9,551622E+1
3,545000	9,552259E+1
3,550000	9,551240E+1
3,555000	9,551622E+1
3,560000	9,549330E+1
3,565000	9,550222E+1
3,570000	9,550222E+1
3,575000	9,545383E+1
3,580000	9,544237E+1
3,585000	9,547930E+1
3,590000	9,545893E+1
3,595000	9,545001E+1
3,600000	9,543728E+1
3,605000	9,543855E+1
3,610000	9,542455E+1
3,615000	9,541818E+1
3,620000	9,542455E+1
3,625000	9,542455E+1
3,630000	9,538635E+1
3,635000	9,537489E+1
3,640000	9,537489E+1
3,645000	9,536980E+1
3,650000	9,536216E+1
3,655000	9,533797E+1
3,660000	9,532396E+1
3,665000	9,533160E+1
3,670000	9,532269E+1
3,675000	9,529977E+1
3,680000	9,529849E+1
3,685000	9,530104E+1
3,690000	9,528958E+1
3,695000	9,526921E+1
3,700000	9,526157E+1
3,705000	9,525648E+1
3,710000	9,524120E+1
3,715000	9,522974E+1
3,720000	9,521828E+1
3,725000	9,523738E+1
3,730000	9,518899E+1
3,735000	9,517753E+1
3,740000	9,516607E+1
3,745000	9,516989E+1
3,750000	9,514825E+1
3,755000	9,511896E+1
3,760000	9,515334E+1
3,765000	9,512151E+1
3,770000	9,511769E+1
3,775000	9,508331E+1
3,780000	9,509732E+1
3,785000	9,509477E+1
3,790000	9,508459E+1
3,795000	9,506039E+1
3,800000	9,506931E+1
3,805000	9,506931E+1
3,810000	9,505021E+1
3,815000	9,504893E+1
3,820000	9,502984E+1
3,825000	9,503875E+1
3,830000	9,502984E+1
3,835000	9,500946E+1
3,840000	9,501328E+1
3,845000	9,502602E+1
3,850000	9,500055E+1
3,855000	9,500437E+1
3,860000	9,500055E+1
3,865000	9,500946E+1
3,870000	9,500055E+1
3,875000	9,500182E+1
3,880000	9,500564E+1
3,885000	9,502474E+1
3,890000	9,500819E+1
3,895000	9,499800E+1
3,900000	9,500310E+1
3,905000	9,501710E+1
3,910000	9,502092E+1
3,915000	9,500182E+1
3,920000	9,499928E+1
3,925000	9,501710E+1
3,930000	9,501328E+1
3,935000	9,501201E+1
3,940000	9,500437E+1
3,945000	9,502856E+1
3,950000	9,502092E+1
3,955000	9,503111E+1
3,960000	9,501838E+1
3,965000	9,503366E+1
3,970000	9,502220E+1
3,975000	9,501965E+1
3,980000	9,502347E+1
3,985000	9,503620E+1
3,990000	9,504129E+1
3,995000	9,502347E+1
4,000000	9,502474E+1
4,005000	9,504129E+1
4,010000	9,503111E+1
4,015000	9,500437E+1
4,020000	9,503238E+1
4,025000	9,503111E+1
4,030000	9,503366E+1
4,035000	9,500564E+1
4,040000	9,501838E+1
4,045000	9,501838E+1
4,050000	9,503620E+1
4,055000	9,502092E+1
4,060000	9,502474E+1
4,065000	9,503366E+1
4,070000	9,504129E+1
4,075000	9,502984E+1
4,080000	9,503366E+1
4,085000	9,502729E+1
4,090000	9,502729E+1
4,095000	9,502092E+1
4,100000	9,502347E+1
4,105000	9,504002E+1
4,110000	9,503748E+1
4,115000	9,502092E+1
4,120000	9,502347E+1
4,125000	9,504511E+1
4,130000	9,503238E+1
4,135000	9,502220E+1
4,140000	9,501838E+1
4,145000	9,504257E+1
4,150000	9,503875E+1
4,155000	9,503366E+1
4,160000	9,504257E+1
4,165000	9,504511E+1
4,170000	9,505148E+1
4,175000	9,502474E+1
4,180000	9,503748E+1
4,185000	9,505657E+1
4,190000	9,504384E+1
4,195000	9,503875E+1
4,200000	9,503875E+1
4,205000	9,506039E+1
4,210000	9,504766E+1
4,215000	9,503875E+1
4,220000	9,506167E+1
4,225000	9,505912E+1
4,230000	9,504766E+1
4,235000	9,504384E+1
4,240000	9,506039E+1
4,245000	9,506803E+1
4,250000	9,505657E+1
4,255000	9,505657E+1
4,260000	9,506931E+1
4,265000	9,507440E+1
4,270000	9,506167E+1
4,275000	9,505657E+1
4,280000	9,506294E+1
4,285000	9,507313E+1
4,290000	9,507695E+1
4,295000	9,508331E+1
4,300000	9,507949E+1
4,305000	9,507567E+1
4,310000	9,508331E+1
4,315000	9,507185E+1
4,320000	9,508077E+1
4,325000	9,507949E+1
4,330000	9,508459E+1
4,335000	9,508713E+1
4,340000	9,509477E+1
4,345000	9,509859E+1
4,350000	9,507440E+1
4,355000	9,510114E+1
4,360000	9,507695E+1
4,365000	9,512151E+1
4,370000	9,509350E+1
4,375000	9,509732E+1
4,380000	9,509223E+1
4,385000	9,510878E+1
4,390000	9,510241E+1
4,395000	9,508331E+1
4,400000	9,510750E+1
4,405000	9,512278E+1
4,410000	9,510623E+1
4,415000	9,510114E+1
4,420000	9,511260E+1
4,425000	9,509223E+1
4,430000	9,511642E+1
4,435000	9,511642E+1
4,440000	9,512278E+1
4,445000	9,514061E+1
4,450000	9,513424E+1
4,455000	9,512024E+1
4,460000	9,513170E+1
4,465000	9,513170E+1
4,470000	9,512788E+1
4,475000	9,512788E+1
4,480000	9,513424E+1
4,485000	9,513934E+1
4,490000	9,511769E+1
4,495000	9,512406E+1
4,500000	9,513934E+1
4,505000	9,515207E+1
4,510000	9,514443E+1
4,515000	9,513934E+1
4,520000	9,514316E+1
4,525000	9,514061E+1
4,530000	9,514570E+1
4,535000	9,513170E+1
4,540000	9,515207E+1
4,545000	9,515589E+1
4,550000	9,515716E+1
4,555000	9,514443E+1
4,560000	9,513552E+1
4,565000	9,516098E+1
4,570000	9,514061E+1
4,575000	9,515589E+1
4,580000	9,516353E+1
4,585000	9,515716E+1
4,590000	9,514443E+1
4,595000	9,514570E+1
4,600000	9,515844E+1
4,605000	9,516607E+1
4,610000	9,514188E+1
4,615000	9,515462E+1
4,620000	9,518008E+1
4,625000	9,518645E+1
4,630000	9,515971E+1
4,635000	9,516098E+1
4,640000	9,517244E+1
4,645000	9,518135E+1
4,650000	9,517244E+1
4,655000	9,516098E+1
4,660000	9,517626E+1
4,665000	9,517881E+1
4,670000	9,518390E+1
4,675000	9,517499E+1
4,680000	9,517753E+1
4,685000	9,520427E+1
4,690000	9,518517E+1
4,695000	9,516353E+1
4,700000	9,519409E+1
4,705000	9,520300E+1
4,710000	9,518135E+1
4,715000	9,516735E+1
4,720000	9,518899E+1
4,725000	9,519791E+1
4,730000	9,519791E+1
4,735000	9,519154E+1
4,740000	9,520045E+1
4,745000	9,521191E+1
4,750000	9,519281E+1
4,755000	9,518899E+1
4,760000	9,520427E+1
4,765000	9,521446E+1
4,770000	9,520300E+1
4,775000	9,519409E+1
4,780000	9,520555E+1
4,785000	9,521446E+1
4,790000	9,521573E+1
4,795000	9,521573E+1
4,800000	9,521828E+1
4,805000	9,521573E+1
4,810000	9,521319E+1
4,815000	9,522210E+1
4,820000	9,523228E+1
4,825000	9,523483E+1
4,830000	9,521573E+1
4,835000	9,521828E+1
4,840000	9,522465E+1
4,845000	9,523610E+1
4,850000	9,522210E+1
4,855000	9,522847E+1
4,860000	9,522719E+1
4,865000	9,524120E+1
4,870000	9,521573E+1
4,875000	9,522592E+1
4,880000	9,524629E+1
4,885000	9,524502E+1
4,890000	9,523992E+1
4,895000	9,522465E+1
4,900000	9,523865E+1
4,905000	9,524502E+1
4,910000	9,524247E+1
4,915000	9,523356E+1
4,920000	9,525138E+1
4,925000	9,526284E+1
4,930000	9,524629E+1
4,935000	9,524502E+1
4,940000	9,525393E+1
4,945000	9,525902E+1
4,950000	9,524120E+1
4,955000	9,527303E+1
4,960000	9,523483E+1
4,965000	9,525011E+1
4,970000	9,525648E+1
4,975000	9,524756E+1
4,980000	9,526284E+1
4,985000	9,526412E+1
4,990000	9,525520E+1
4,995000	9,526539E+1
5,000000	9,526412E+1
5,005000	9,527430E+1
5,010000	9,526284E+1
5,015000	9,526412E+1
5,020000	9,527940E+1
5,025000	9,528831E+1
5,030000	9,524629E+1
5,035000	9,526157E+1
5,040000	9,526284E+1
5,045000	9,528067E+1
5,050000	9,527685E+1
5,055000	9,526539E+1
5,060000	9,529595E+1
5,065000	9,528322E+1
5,070000	9,527685E+1
5,075000	9,527430E+1
5,080000	9,528831E+1
5,085000	9,527176E+1
5,090000	9,526539E+1
5,095000	9,528067E+1
5,100000	9,528704E+1
5,105000	9,529722E+1
5,110000	9,528194E+1
5,115000	9,528576E+1
5,120000	9,530104E+1
5,125000	9,531250E+1
5,130000	9,530104E+1
5,135000	9,527940E+1
5,140000	9,531505E+1
5,145000	9,530359E+1
5,150000	9,528322E+1
5,155000	9,529340E+1
5,160000	9,531505E+1
5,165000	9,530613E+1
5,170000	9,528831E+1
5,175000	9,529086E+1
5,180000	9,534306E+1
5,185000	9,532141E+1
5,190000	9,530868E+1
5,195000	9,528704E+1
5,200000	9,531123E+1
5,205000	9,532014E+1
5,210000	9,531759E+1
5,215000	9,532269E+1
5,220000	9,532396E+1
5,225000	9,532141E+1
5,230000	9,530995E+1
5,235000	9,532269E+1
5,240000	9,533669E+1
5,245000	9,534815E+1
5,250000	9,533160E+1
5,255000	9,532141E+1
5,260000	9,533415E+1
5,265000	9,533033E+1
5,270000	9,533160E+1
5,275000	9,531250E+1
5,280000	9,533415E+1
5,285000	9,534051E+1
5,290000	9,533924E+1
5,295000	9,533415E+1
5,300000	9,533797E+1
5,305000	9,533924E+1
5,310000	9,534433E+1
5,315000	9,533287E+1
5,320000	9,535579E+1
5,325000	9,535834E+1
5,330000	9,533542E+1
5,335000	9,532905E+1
5,340000	9,535834E+1
5,345000	9,536088E+1
5,350000	9,533797E+1
5,355000	9,535706E+1
5,360000	9,536980E+1
5,365000	9,535579E+1
5,370000	9,533542E+1
5,375000	9,534051E+1
5,380000	9,536852E+1
5,385000	9,535834E+1
5,390000	9,537234E+1
5,395000	9,535070E+1
5,400000	9,535197E+1
5,405000	9,537998E+1
5,410000	9,536598E+1
5,415000	9,535834E+1
5,420000	9,535706E+1
5,425000	9,537744E+1
5,430000	9,536216E+1
5,435000	9,536470E+1
5,440000	9,537998E+1
5,445000	9,538508E+1
5,450000	9,537362E+1
5,455000	9,535834E+1
5,460000	9,538635E+1
5,465000	9,537998E+1
5,470000	9,537489E+1
5,475000	9,536725E+1
5,480000	9,539526E+1
5,485000	9,539017E+1
5,490000	9,537744E+1
5,495000	9,539144E+1
5,500000	9,535579E+1
5,505000	9,541436E+1
5,510000	9,538508E+1
5,515000	9,538380E+1
5,520000	9,539526E+1
5,525000	9,539017E+1
5,530000	9,538890E+1
5,535000	9,538253E+1
5,540000	9,538890E+1
5,545000	9,541691E+1
5,550000	9,538890E+1
5,555000	9,539017E+1
5,560000	9,540163E+1
5,565000	9,542200E+1
5,570000	9,540290E+1
5,575000	9,539017E+1
5,580000	9,541309E+1
5,585000	9,540163E+1
5,590000	9,539017E+1
5,595000	9,540036E+1
5,600000	9,541945E+1
5,605000	9,542073E+1
5,610000	9,539399E+1
5,615000	9,539781E+1
5,620000	9,541818E+1
5,625000	9,542327E+1
5,630000	9,539399E+1
5,635000	9,540927E+1
5,640000	9,540036E+1
5,645000	9,542200E+1
5,650000	9,541054E+1
5,655000	9,541054E+1
5,660000	9,542837E+1
5,665000	9,543983E+1
5,670000	9,542200E+1
5,675000	9,541564E+1
5,680000	9,543219E+1
5,685000	9,542455E+1
5,690000	9,541564E+1
5,695000	9,542073E+1
5,700000	9,543346E+1
5,705000	9,543983E+1
5,710000	9,540672E+1
5,715000	9,541436E+1
5,720000	9,543473E+1
5,725000	9,543473E+1
5,730000	9,545638E+1
5,735000	9,543473E+1
5,740000	9,545256E+1
5,745000	9,543855E+1
5,750000	9,542200E+1
5,755000	9,540672E+1
5,760000	9,544874E+1
5,765000	9,545001E+1
5,770000	9,543219E+1
5,775000	9,543855E+1
5,780000	9,545383E+1
5,785000	9,546529E+1
5,790000	9,543601E+1
5,795000	9,544492E+1
5,800000	9,545256E+1
5,805000	9,545383E+1
5,810000	9,544619E+1
5,815000	9,546657E+1
5,820000	9,547166E+1
5,825000	9,545893E+1
5,830000	9,540290E+1
5,835000	9,547039E+1
5,840000	9,543855E+1
5,845000	9,548566E+1
5,850000	9,547293E+1
5,855000	9,545001E+1
5,860000	9,546020E+1
5,865000	9,546020E+1
5,870000	9,545893E+1
5,875000	9,546529E+1
5,880000	9,547039E+1
5,885000	9,547803E+1
5,890000	9,546784E+1
5,895000	9,546529E+1
5,900000	9,548566E+1
5,905000	9,547293E+1
5,910000	9,547166E+1
5,915000	9,545001E+1
5,920000	9,548566E+1
5,925000	9,548821E+1
5,930000	9,547421E+1
5,935000	9,547930E+1
5,940000	9,548439E+1
5,945000	9,548439E+1
5,950000	9,547166E+1
5,955000	9,547293E+1
5,960000	9,548948E+1
5,965000	9,549458E+1
5,970000	9,548312E+1
5,975000	9,548439E+1
5,980000	9,549458E+1
5,985000	9,548948E+1
5,990000	9,548694E+1
5,995000	9,547039E+1
6,000000	9,549330E+1
6,005000	9,550476E+1
6,010000	9,550222E+1
6,015000	9,548694E+1
6,020000	9,549330E+1
6,025000	9,550094E+1
6,030000	9,548821E+1
6,035000	9,549458E+1
6,040000	9,551750E+1
6,045000	9,551113E+1
6,050000	9,548184E+1
6,055000	9,549330E+1
6,060000	9,552004E+1
6,065000	9,551368E+1
6,070000	9,549076E+1
6,075000	9,549712E+1
6,080000	9,551240E+1
6,085000	9,550604E+1
6,090000	9,550858E+1
6,095000	9,550858E+1
6,100000	9,552259E+1
6,105000	9,550986E+1
6,110000	9,550349E+1
6,115000	9,550604E+1
6,120000	9,552896E+1
6,125000	9,552004E+1
6,130000	9,551495E+1
6,135000	9,551113E+1
6,140000	9,553278E+1
6,145000	9,552514E+1
6,150000	9,550222E+1
6,155000	9,551495E+1
6,160000	9,552768E+1
6,165000	9,552641E+1
6,170000	9,552004E+1
6,175000	9,553787E+1
6,180000	9,554805E+1
6,185000	9,554551E+1
6,190000	9,552896E+1
6,195000	9,553278E+1
6,200000	9,552004E+1
6,205000	9,554169E+1
6,210000	9,552641E+1
6,215000	9,552132E+1
6,220000	9,554169E+1
6,225000	9,555187E+1
6,230000	9,553405E+1
6,235000	9,551368E+1
6,240000	9,555697E+1
6,245000	9,553914E+1
6,250000	9,554805E+1
6,255000	9,555060E+1
6,260000	9,555187E+1
6,265000	9,554805E+1
6,270000	9,553660E+1
6,275000	9,553150E+1
6,280000	9,554551E+1
6,285000	9,553787E+1
6,290000	9,554296E+1
6,295000	9,554551E+1
6,300000	9,556461E+1
6,305000	9,555824E+1
6,310000	9,555697E+1
6,315000	9,555187E+1
6,320000	9,555569E+1
6,325000	9,556079E+1
6,330000	9,554551E+1
6,335000	9,556333E+1
6,340000	9,556970E+1
6,345000	9,557607E+1
6,350000	9,555187E+1
6,355000	9,555060E+1
6,360000	9,556588E+1
6,365000	9,557607E+1
6,370000	9,555951E+1
6,375000	9,555442E+1
6,380000	9,556970E+1
6,385000	9,557097E+1
6,390000	9,557225E+1
6,395000	9,556715E+1
6,400000	9,557989E+1
6,405000	9,556461E+1
6,410000	9,555187E+1
6,415000	9,554169E+1
6,420000	9,559389E+1
6,425000	9,557989E+1
6,430000	9,557225E+1
6,435000	9,558116E+1
6,440000	9,559262E+1
6,445000	9,556970E+1
6,450000	9,557352E+1
6,455000	9,557861E+1
6,460000	9,558498E+1
6,465000	9,558880E+1
6,470000	9,557225E+1
6,475000	9,557861E+1
6,480000	9,558625E+1
6,485000	9,558880E+1
6,490000	9,558116E+1
6,495000	9,558243E+1
6,500000	9,560408E+1
6,505000	9,559771E+1
6,510000	9,558371E+1
6,515000	9,559389E+1
6,520000	9,559262E+1
6,525000	9,558880E+1
6,530000	9,557861E+1
6,535000	9,557607E+1
6,540000	9,560281E+1
6,545000	9,560281E+1
6,550000	9,558116E+1
6,555000	9,559007E+1
6,560000	9,560535E+1
6,565000	9,559262E+1
6,570000	9,558116E+1
6,575000	9,558753E+1
6,580000	9,560281E+1
6,585000	9,559007E+1
6,590000	9,559644E+1
6,595000	9,560535E+1
6,600000	9,561172E+1
6,605000	9,560662E+1
6,610000	9,558753E+1
6,615000	9,560153E+1
6,620000	9,561044E+1
6,625000	9,562445E+1
6,630000	9,559389E+1
6,635000	9,560153E+1
6,640000	9,560917E+1
6,645000	9,560535E+1
6,650000	9,559644E+1
6,655000	9,560408E+1
6,660000	9,561044E+1
6,665000	9,561299E+1
6,670000	9,560281E+1
6,675000	9,561299E+1
6,680000	9,560790E+1
6,685000	9,562827E+1
6,690000	9,560917E+1
6,695000	9,560408E+1
6,700000	9,563591E+1
6,705000	9,562318E+1
6,710000	9,561681E+1
6,715000	9,563209E+1
6,720000	9,563209E+1
6,725000	9,563082E+1
6,730000	9,561554E+1
6,735000	9,562063E+1
6,740000	9,563591E+1
6,745000	9,561681E+1
6,750000	9,561681E+1
6,755000	9,562063E+1
6,760000	9,564228E+1
6,765000	9,564100E+1
6,770000	9,561172E+1
6,775000	9,562572E+1
6,780000	9,563718E+1
6,785000	9,563082E+1
6,790000	9,563591E+1
6,795000	9,560408E+1
6,800000	9,564737E+1
6,805000	9,563718E+1
6,810000	9,562063E+1
6,815000	9,565246E+1
6,820000	9,564864E+1
6,825000	9,564355E+1
6,830000	9,562827E+1
6,835000	9,563082E+1
6,840000	9,564482E+1
6,845000	9,563591E+1
6,850000	9,561936E+1
6,855000	9,564100E+1
6,860000	9,566010E+1
6,865000	9,565883E+1
6,870000	9,564610E+1
6,875000	9,563718E+1
6,880000	9,564610E+1
6,885000	9,562827E+1
6,890000	9,563718E+1
6,895000	9,564228E+1
6,900000	9,566138E+1
6,905000	9,565883E+1
6,910000	9,564228E+1
6,915000	9,564737E+1
6,920000	9,565501E+1
6,925000	9,564610E+1
6,930000	9,564482E+1
6,935000	9,565501E+1
6,940000	9,567665E+1
6,945000	9,565883E+1
6,950000	9,564864E+1
6,955000	9,562827E+1
6,960000	9,566774E+1
6,965000	9,565119E+1
6,970000	9,565883E+1
6,975000	9,566901E+1
6,980000	9,566520E+1
6,985000	9,564610E+1
6,990000	9,565374E+1
6,995000	9,566520E+1
7,000000	9,566901E+1
7,005000	9,565756E+1
7,010000	9,564482E+1
7,015000	9,565374E+1
7,020000	9,567156E+1
7,025000	9,567665E+1
7,030000	9,565246E+1
7,035000	9,567029E+1
7,040000	9,567156E+1
7,045000	9,567029E+1
7,050000	9,566392E+1
7,055000	9,566265E+1
7,060000	9,565374E+1
7,065000	9,567665E+1
7,070000	9,565628E+1
7,075000	9,565883E+1
7,080000	9,567920E+1
7,085000	9,566520E+1
7,090000	9,566901E+1
7,095000	9,567411E+1
7,100000	9,567665E+1
7,105000	9,568047E+1
7,110000	9,565374E+1
7,115000	9,566647E+1
7,120000	9,569066E+1
7,125000	9,567156E+1
7,130000	9,568557E+1
7,135000	9,568302E+1
7,140000	9,569830E+1
7,145000	9,568047E+1
7,150000	9,567283E+1
7,155000	9,563591E+1
7,160000	9,570339E+1
7,165000	9,567029E+1
7,170000	9,570849E+1
7,175000	9,566520E+1
7,180000	9,568175E+1
7,185000	9,568302E+1
7,190000	9,567665E+1
7,195000	9,568047E+1
7,200000	9,569448E+1
7,205000	9,569321E+1
7,210000	9,567283E+1
7,215000	9,568175E+1
7,220000	9,569830E+1
7,225000	9,568047E+1
7,230000	9,571231E+1
7,235000	9,568302E+1
7,240000	9,570467E+1
7,245000	9,569957E+1
7,250000	9,568175E+1
7,255000	9,568684E+1
7,260000	9,570976E+1
7,265000	9,569321E+1
7,270000	9,568557E+1
7,275000	9,568811E+1
7,280000	9,570467E+1
7,285000	9,570339E+1
7,290000	9,568557E+1
7,295000	9,569957E+1
7,300000	9,571103E+1
7,305000	9,570085E+1
7,310000	9,569321E+1
7,315000	9,569830E+1
7,320000	9,571231E+1
7,325000	9,570721E+1
7,330000	9,568429E+1
7,335000	9,569321E+1
7,340000	9,570467E+1
7,345000	9,569703E+1
7,350000	9,570085E+1
7,355000	9,572122E+1
7,360000	9,573268E+1
7,365000	9,570467E+1
7,370000	9,569448E+1
7,375000	9,569193E+1
7,380000	9,570721E+1
7,385000	9,571485E+1
7,390000	9,569703E+1
7,395000	9,571995E+1
7,400000	9,573268E+1
7,405000	9,571613E+1
7,410000	9,570085E+1
7,415000	9,571485E+1
7,420000	9,572504E+1
7,425000	9,571231E+1
7,430000	9,570212E+1
7,435000	9,572377E+1
7,440000	9,572504E+1
7,445000	9,572377E+1
7,450000	9,568939E+1
7,455000	9,571740E+1
7,460000	9,572759E+1
7,465000	9,571867E+1
7,470000	9,569066E+1
7,475000	9,572631E+1
7,480000	9,571995E+1
7,485000	9,571485E+1
7,490000	9,571485E+1
7,495000	9,572886E+1
7,500000	9,573141E+1
7,505000	9,570212E+1
7,510000	9,570721E+1
7,515000	9,572249E+1
7,520000	9,574159E+1
7,525000	9,572377E+1
7,530000	9,571867E+1
7,535000	9,573013E+1
7,540000	9,573141E+1
7,545000	9,571613E+1
7,550000	9,571867E+1
7,555000	9,571358E+1
7,560000	9,573395E+1
7,565000	9,573650E+1
7,570000	9,571485E+1
7,575000	9,573141E+1
7,580000	9,573522E+1
7,585000	9,573013E+1
7,590000	9,571995E+1
7,595000	9,573522E+1
7,600000	9,576069E+1
7,605000	9,572886E+1
7,610000	9,571867E+1
7,615000	9,573650E+1
7,620000	9,574796E+1
7,625000	9,574032E+1
7,630000	9,573141E+1
7,635000	9,573141E+1
7,640000	9,576451E+1
7,645000	9,573395E+1
7,650000	9,573395E+1
7,655000	9,573650E+1
7,660000	9,575560E+1
7,665000	9,574923E+1
7,670000	9,574032E+1
7,675000	9,574923E+1
7,680000	9,575432E+1
7,685000	9,573013E+1
7,690000	9,573522E+1
7,695000	9,575687E+1
7,700000	9,573904E+1
7,705000	9,574286E+1
7,710000	9,573522E+1
7,715000	9,576324E+1
7,720000	9,576833E+1
7,725000	9,574668E+1
7,730000	9,573522E+1
7,735000	9,577597E+1
7,740000	9,577470E+1
7,745000	9,574414E+1
7,750000	9,575560E+1
7,755000	9,573904E+1
7,760000	9,574923E+1
7,765000	9,575687E+1
7,770000	9,574796E+1
7,775000	9,576324E+1
7,780000	9,576960E+1
7,785000	9,575814E+1
7,790000	9,575305E+1
7,795000	9,576833E+1
7,800000	9,577215E+1
7,805000	9,576196E+1
7,810000	9,574923E+1
7,815000	9,576069E+1
7,820000	9,578361E+1
7,825000	9,576069E+1
7,830000	9,574796E+1
7,835000	9,575942E+1
7,840000	9,577215E+1
7,845000	9,575687E+1
7,850000	9,574796E+1
7,855000	9,577724E+1
7,860000	9,578616E+1
7,865000	9,577342E+1
7,870000	9,575942E+1
7,875000	9,577088E+1
7,880000	9,576196E+1
7,885000	9,576578E+1
7,890000	9,576833E+1
7,895000	9,578743E+1
7,900000	9,578998E+1
7,905000	9,576578E+1
7,910000	9,576706E+1
7,915000	9,577088E+1
7,920000	9,577470E+1
7,925000	9,576196E+1
7,930000	9,576706E+1
7,935000	9,578106E+1
7,940000	9,577470E+1
7,945000	9,577088E+1
7,950000	9,576578E+1
7,955000	9,578361E+1
7,960000	9,579125E+1
7,965000	9,577088E+1
7,970000	9,576833E+1
7,975000	9,577088E+1
7,980000	9,577979E+1
7,985000	9,578106E+1
7,990000	9,576578E+1
7,995000	9,577979E+1
8,000000	9,579889E+1
8,005000	9,578361E+1
8,010000	9,578488E+1
8,015000	9,578488E+1
8,020000	9,578106E+1
8,025000	9,577597E+1
8,030000	9,577724E+1
8,035000	9,578743E+1
8,040000	9,579889E+1
8,045000	9,579507E+1
8,050000	9,578234E+1
8,055000	9,579761E+1
8,060000	9,579634E+1
8,065000	9,579252E+1
8,070000	9,578361E+1
8,075000	9,577724E+1
8,080000	9,580016E+1
8,085000	9,579125E+1
8,090000	9,578488E+1
8,095000	9,579125E+1
8,100000	9,579507E+1
8,105000	9,579252E+1
8,110000	9,578616E+1
8,115000	9,579252E+1
8,120000	9,581417E+1
8,125000	9,580016E+1
8,130000	9,578361E+1
8,135000	9,579507E+1
8,140000	9,579252E+1
8,145000	9,579761E+1
8,150000	9,578616E+1
8,155000	9,582053E+1
8,160000	9,581671E+1
8,165000	9,579125E+1
8,170000	9,578743E+1
8,175000	9,580525E+1
8,180000	9,581417E+1
8,185000	9,580398E+1
8,190000	9,581289E+1
8,195000	9,582053E+1
8,200000	9,580780E+1
8,205000	9,581162E+1
8,210000	9,580143E+1
8,215000	9,581035E+1
8,220000	9,581162E+1
8,225000	9,580398E+1
8,230000	9,578743E+1
8,235000	9,581799E+1
8,240000	9,582308E+1
8,245000	9,578488E+1
8,250000	9,580398E+1
8,255000	9,582817E+1
8,260000	9,582053E+1
8,265000	9,580653E+1
8,270000	9,580525E+1
8,275000	9,580780E+1
8,280000	9,582053E+1
8,285000	9,581799E+1
8,290000	9,580907E+1
8,295000	9,582053E+1
8,300000	9,584218E+1
8,305000	9,581544E+1
8,310000	9,579634E+1
8,315000	9,582308E+1
8,320000	9,583709E+1
8,325000	9,581417E+1
8,330000	9,581162E+1
8,335000	9,582817E+1
8,340000	9,584727E+1
8,345000	9,581289E+1
8,350000	9,580907E+1
8,355000	9,582563E+1
8,360000	9,582053E+1
8,365000	9,582181E+1
8,370000	9,582945E+1
8,375000	9,584218E+1
8,380000	9,583454E+1
8,385000	9,581799E+1
8,390000	9,581799E+1
8,395000	9,582945E+1
8,400000	9,583327E+1
8,405000	9,582181E+1
8,410000	9,581417E+1
8,415000	9,583327E+1
8,420000	9,584855E+1
8,425000	9,584091E+1
8,430000	9,581417E+1
8,435000	9,583963E+1
8,440000	9,583963E+1
8,445000	9,582308E+1
8,450000	9,582563E+1
8,455000	9,584091E+1
8,460000	9,584218E+1
8,465000	9,583836E+1
8,470000	9,583199E+1
8,475000	9,582308E+1
8,480000	9,583072E+1
8,485000	9,582181E+1
8,490000	9,582181E+1
8,495000	9,584345E+1
8,500000	9,584855E+1
8,505000	9,584982E+1
8,510000	9,585237E+1
8,515000	9,584727E+1
8,520000	9,585237E+1
8,525000	9,583327E+1
8,530000	9,585237E+1
8,535000	9,583072E+1
8,540000	9,584345E+1
8,545000	9,584345E+1
8,550000	9,584345E+1
8,555000	9,584473E+1
8,560000	9,583454E+1
8,565000	9,583581E+1
8,570000	9,584600E+1
8,575000	9,585364E+1
8,580000	9,585237E+1
8,585000	9,584091E+1
8,590000	9,584600E+1
8,595000	9,585746E+1
8,600000	9,585873E+1
8,605000	9,583581E+1
8,610000	9,583327E+1
8,615000	9,585109E+1
8,620000	9,586382E+1
8,625000	9,585746E+1
8,630000	9,584982E+1
8,635000	9,585873E+1
8,640000	9,584473E+1
8,645000	9,583072E+1
8,650000	9,584600E+1
8,655000	9,586000E+1
8,660000	9,585873E+1
8,665000	9,584982E+1
8,670000	9,585109E+1
8,675000	9,586510E+1
8,680000	9,587656E+1
8,685000	9,585873E+1
8,690000	9,584855E+1
8,695000	9,587146E+1
8,700000	9,587528E+1
8,705000	9,585109E+1
8,710000	9,584855E+1
8,715000	9,585364E+1
8,720000	9,586255E+1
8,725000	9,585109E+1
8,730000	9,586128E+1
8,735000	9,586637E+1
8,740000	9,586764E+1
8,745000	9,586128E+1
8,750000	9,585491E+1
8,755000	9,586510E+1
8,760000	9,590839E+1
8,765000	9,586382E+1
8,770000	9,585109E+1
8,775000	9,587146E+1
8,780000	9,588292E+1
8,785000	9,587528E+1
8,790000	9,587019E+1
8,795000	9,588547E+1
8,800000	9,586892E+1
8,805000	9,586637E+1
8,810000	9,586128E+1
8,815000	9,585491E+1
8,820000	9,591730E+1
8,825000	9,586255E+1
8,830000	9,586892E+1
8,835000	9,588547E+1
8,840000	9,588547E+1
8,845000	9,587656E+1
8,850000	9,586128E+1
8,855000	9,588038E+1
8,860000	9,588292E+1
8,865000	9,587146E+1
8,870000	9,586764E+1
8,875000	9,587146E+1
8,880000	9,589184E+1
8,885000	9,589056E+1
8,890000	9,586128E+1
8,895000	9,587910E+1
8,900000	9,587528E+1
8,905000	9,588547E+1
8,910000	9,586764E+1
8,915000	9,588674E+1
8,920000	9,589184E+1
8,925000	9,586128E+1
8,930000	9,586510E+1
8,935000	9,588547E+1
8,940000	9,588292E+1
8,945000	9,586510E+1
8,950000	9,589438E+1
8,955000	9,589438E+1
8,960000	9,588547E+1
8,965000	9,588165E+1
8,970000	9,589311E+1
8,975000	9,588929E+1
8,980000	9,588674E+1
8,985000	9,586255E+1
8,990000	9,586764E+1
8,995000	9,594149E+1
9,000000	9,585237E+1
9,005000	9,591603E+1
9,010000	9,585746E+1
9,015000	9,588929E+1
9,020000	9,591094E+1
9,025000	9,588674E+1
9,030000	9,588802E+1
9,035000	9,590584E+1
9,040000	9,588165E+1
9,045000	9,588929E+1
9,050000	9,589056E+1
9,055000	9,590330E+1
9,060000	9,588547E+1
9,065000	9,588929E+1
9,070000	9,588674E+1
9,075000	9,589184E+1
9,080000	9,589820E+1
9,085000	9,589438E+1
9,090000	9,589566E+1
9,095000	9,589693E+1
9,100000	9,590966E+1
9,105000	9,589184E+1
9,110000	9,588292E+1
9,115000	9,590584E+1
9,120000	9,590457E+1
9,125000	9,588802E+1
9,130000	9,589184E+1
9,135000	9,590330E+1
9,140000	9,587528E+1
9,145000	9,589820E+1
9,150000	9,589820E+1
9,155000	9,588292E+1
9,160000	9,591221E+1
9,165000	9,588674E+1
9,170000	9,590330E+1
9,175000	9,590966E+1
9,180000	9,590457E+1
9,185000	9,590075E+1
9,190000	9,590966E+1
9,195000	9,590966E+1
9,200000	9,591476E+1
9,205000	9,589820E+1
9,210000	9,590966E+1
9,215000	9,591221E+1
9,220000	9,590839E+1
9,225000	9,590075E+1
9,230000	9,590966E+1
9,235000	9,590457E+1
9,240000	9,590712E+1
9,245000	9,588802E+1
9,250000	9,590966E+1
9,255000	9,590966E+1
9,260000	9,591094E+1
9,265000	9,588547E+1
9,270000	9,590202E+1
9,275000	9,590075E+1
9,280000	9,590584E+1
9,285000	9,591094E+1
9,290000	9,590839E+1
9,295000	9,591985E+1
9,300000	9,591603E+1
9,305000	9,589820E+1
9,310000	9,589438E+1
9,315000	9,590839E+1
9,320000	9,592239E+1
9,325000	9,589820E+1
9,330000	9,590457E+1
9,335000	9,592112E+1
9,340000	9,593385E+1
9,345000	9,590712E+1
9,350000	9,591985E+1
9,355000	9,591985E+1
9,360000	9,591348E+1
9,365000	9,589948E+1
9,370000	9,590966E+1
9,375000	9,591985E+1
9,380000	9,591094E+1
9,385000	9,590839E+1
9,390000	9,591985E+1
9,395000	9,591221E+1
9,400000	9,591603E+1
9,405000	9,590075E+1
9,410000	9,590202E+1
9,415000	9,591730E+1
9,420000	9,591985E+1
9,425000	9,590966E+1
9,430000	9,591985E+1
9,435000	9,593767E+1
9,440000	9,588420E+1
9,445000	9,593385E+1
9,450000	9,590330E+1
9,455000	9,592239E+1
9,460000	9,591858E+1
9,465000	9,592621E+1
9,470000	9,591603E+1
9,475000	9,592621E+1
9,480000	9,592621E+1
9,485000	9,592367E+1
9,490000	9,592239E+1
9,495000	9,593258E+1
9,500000	9,591348E+1
9,505000	9,593003E+1
9,510000	9,592367E+1
9,515000	9,592749E+1
9,520000	9,592367E+1
9,525000	9,590966E+1
9,530000	9,590966E+1
9,535000	9,592621E+1
9,540000	9,592239E+1
9,545000	9,593513E+1
9,550000	9,593385E+1
9,555000	9,593385E+1
9,560000	9,593385E+1
9,565000	9,591221E+1
9,570000	9,592494E+1
9,575000	9,593895E+1
9,580000	9,593003E+1
9,585000	9,592621E+1
9,590000	9,593640E+1
9,595000	9,593767E+1
9,600000	9,593003E+1
9,605000	9,589948E+1
9,610000	9,592749E+1
9,615000	9,595168E+1
9,620000	9,593131E+1
9,625000	9,591603E+1
9,630000	9,592239E+1
9,635000	9,594659E+1
9,640000	9,590966E+1
9,645000	9,592749E+1
9,650000	9,594404E+1
9,655000	9,594404E+1
9,660000	9,595041E+1
9,665000	9,593131E+1
9,670000	9,592749E+1
9,675000	9,594022E+1
9,680000	9,594022E+1
9,685000	9,593895E+1
9,690000	9,593003E+1
9,695000	9,595168E+1
9,700000	9,593895E+1
9,705000	9,591476E+1
9,710000	9,593385E+1
9,715000	9,593767E+1
9,720000	9,592367E+1
9,725000	9,591730E+1
9,730000	9,593258E+1
9,735000	9,595168E+1
9,740000	9,594022E+1
9,745000	9,593131E+1
9,750000	9,593131E+1
9,755000	9,593895E+1
9,760000	9,593895E+1
9,765000	9,592876E+1
9,770000	9,593513E+1
9,775000	9,594913E+1
9,780000	9,594277E+1
9,785000	9,593131E+1
9,790000	9,592876E+1
9,795000	9,595041E+1
9,800000	9,594277E+1
9,805000	9,594149E+1
9,810000	9,595041E+1
9,815000	9,595423E+1
9,820000	9,594022E+1
9,825000	9,593385E+1
9,830000	9,593385E+1
9,835000	9,595041E+1
9,840000	9,593131E+1
9,845000	9,592112E+1
9,850000	9,594277E+1
9,855000	9,596187E+1
9,860000	9,593767E+1
9,865000	9,595423E+1
9,870000	9,594659E+1
9,875000	9,595932E+1
9,880000	9,596187E+1
9,885000	9,594277E+1
9,890000	9,593895E+1
9,895000	9,594659E+1
9,900000	9,594022E+1
9,905000	9,594404E+1
9,910000	9,594659E+1
9,915000	9,594277E+1
9,920000	9,594149E+1
9,925000	9,594149E+1
9,930000	9,594913E+1
9,935000	9,596569E+1
9,940000	9,594786E+1
9,945000	9,593385E+1
9,950000	9,595805E+1
9,955000	9,596059E+1
9,960000	9,595932E+1
9,965000	9,595295E+1
9,970000	9,594277E+1
9,975000	9,595423E+1
9,980000	9,595168E+1
9,985000	9,593895E+1
9,990000	9,595423E+1
9,995000	9,596951E+1
10,000000	9,595677E+1
10,005000	9,596059E+1
10,010000	9,595168E+1
10,015000	9,596823E+1
10,020000	9,594913E+1
10,025000	9,594277E+1
10,030000	9,594531E+1
10,035000	9,595423E+1
10,040000	9,596059E+1
10,045000	9,595805E+1
10,050000	9,595550E+1
10,055000	9,595932E+1
10,060000	9,595295E+1
10,065000	9,595805E+1
10,070000	9,594149E+1
10,075000	9,596314E+1
10,080000	9,595423E+1
10,085000	9,594022E+1
10,090000	9,596059E+1
10,095000	9,594404E+1
10,100000	9,596441E+1
10,105000	9,596059E+1
10,110000	9,596059E+1
10,115000	9,596187E+1
10,120000	9,595677E+1
10,125000	9,593640E+1
10,130000	9,596059E+1
10,135000	9,596569E+1
10,140000	9,596314E+1
10,145000	9,595295E+1
10,150000	9,596187E+1
10,155000	9,596569E+1
10,160000	9,596314E+1
10,165000	9,595295E+1
10,170000	9,595550E+1
10,175000	9,598478E+1
10,180000	9,596696E+1
10,185000	9,596569E+1
10,190000	9,592621E+1
10,195000	9,599242E+1
10,200000	9,595550E+1
10,205000	9,595041E+1
10,210000	9,596823E+1
10,215000	9,596823E+1
10,220000	9,596951E+1
10,225000	9,596951E+1
10,230000	9,596314E+1
10,235000	9,597078E+1
10,240000	9,596314E+1
10,245000	9,596314E+1
10,250000	9,596823E+1
10,255000	9,596569E+1
10,260000	9,596951E+1
10,265000	9,596569E+1
10,270000	9,597078E+1
10,275000	9,597333E+1
10,280000	9,596314E+1
10,285000	9,596187E+1
10,290000	9,595932E+1
10,295000	9,596441E+1
10,300000	9,596823E+1
10,305000	9,595805E+1
10,310000	9,597205E+1
10,315000	9,597460E+1
10,320000	9,595932E+1
10,325000	9,596187E+1
10,330000	9,596823E+1
10,335000	9,597460E+1
10,340000	9,596951E+1
10,345000	9,596696E+1
10,350000	9,597078E+1
10,355000	9,597460E+1
10,360000	9,597078E+1
10,365000	9,596823E+1
10,370000	9,597333E+1
10,375000	9,597842E+1
10,380000	9,597333E+1
10,385000	9,597205E+1
10,390000	9,599242E+1
10,395000	9,597969E+1
10,400000	9,596951E+1
10,405000	9,596314E+1
10,410000	9,596823E+1
10,415000	9,598478E+1
10,420000	9,596951E+1
10,425000	9,596059E+1
10,430000	9,596951E+1
10,435000	9,598478E+1
10,440000	9,597205E+1
10,445000	9,597715E+1
10,450000	9,597969E+1
10,455000	9,599752E+1
10,460000	9,596823E+1
10,465000	9,595932E+1
10,470000	9,597460E+1
10,475000	9,596951E+1
10,480000	9,596823E+1
10,485000	9,595932E+1
10,490000	9,597587E+1
10,495000	9,598097E+1
10,500000	9,599879E+1
10,505000	9,597969E+1
10,510000	9,598478E+1
10,515000	9,599370E+1
10,520000	9,597333E+1
10,525000	9,597205E+1
10,530000	9,597842E+1
10,535000	9,598351E+1
10,540000	9,597969E+1
10,545000	9,598478E+1
10,550000	9,598224E+1
10,555000	9,598860E+1
10,560000	9,599242E+1
10,565000	9,597842E+1
10,570000	9,597842E+1
10,575000	9,598860E+1
10,580000	9,599370E+1
10,585000	9,597205E+1
10,590000	9,597587E+1
10,595000	9,597460E+1
10,600000	9,598606E+1
10,605000	9,598606E+1
10,610000	9,599242E+1
10,615000	9,598988E+1
10,620000	9,598224E+1
10,625000	9,597205E+1
10,630000	9,597842E+1
10,635000	9,598606E+1
10,640000	9,598097E+1
10,645000	9,598224E+1
10,650000	9,599242E+1
10,655000	9,599497E+1
10,660000	9,598478E+1
10,665000	9,598478E+1
10,670000	9,598097E+1
10,675000	9,598860E+1
10,680000	9,599115E+1
10,685000	9,597460E+1
10,690000	9,599624E+1
10,695000	9,599624E+1
10,700000	9,598478E+1
10,705000	9,596569E+1
10,710000	9,597842E+1
10,715000	9,598988E+1
10,720000	9,597333E+1
10,725000	9,599497E+1
10,730000	9,600388E+1
10,735000	9,599879E+1
10,740000	9,599752E+1
10,745000	9,596696E+1
10,750000	9,598224E+1
10,755000	9,598733E+1
10,760000	9,598988E+1
10,765000	9,599752E+1
10,770000	9,599242E+1
10,775000	9,598860E+1
10,780000	9,598224E+1
10,785000	9,598860E+1
10,790000	9,600516E+1
10,795000	9,601789E+1
10,800000	9,598478E+1
10,805000	9,599115E+1
10,810000	9,600388E+1
10,815000	9,599497E+1
10,820000	9,598606E+1
10,825000	9,598478E+1
10,830000	9,600388E+1
10,835000	9,599624E+1
10,840000	9,599115E+1
10,845000	9,598478E+1
10,850000	9,600006E+1
10,855000	9,600388E+1
10,860000	9,601280E+1
10,865000	9,598860E+1
10,870000	9,600388E+1
10,875000	9,600134E+1
10,880000	9,598733E+1
10,885000	9,597460E+1
10,890000	9,599752E+1
10,895000	9,600388E+1
10,900000	9,600134E+1
10,905000	9,598478E+1
10,910000	9,598478E+1
10,915000	9,600516E+1
10,920000	9,600006E+1
10,925000	9,598478E+1
10,930000	9,600134E+1
10,935000	9,600643E+1
10,940000	9,600006E+1
10,945000	9,599624E+1
10,950000	9,601534E+1
10,955000	9,600643E+1
10,960000	9,600516E+1
10,965000	9,598860E+1
10,970000	9,601789E+1
10,975000	9,600261E+1
10,980000	9,600388E+1
10,985000	9,599115E+1
10,990000	9,599370E+1
10,995000	9,600261E+1
11,000000	9,599242E+1
11,005000	9,600134E+1
11,010000	9,600898E+1
11,015000	9,602044E+1
11,020000	9,599879E+1
11,025000	9,599624E+1
11,030000	9,598606E+1
11,035000	9,599242E+1
11,040000	9,599879E+1
11,045000	9,599879E+1
11,050000	9,599370E+1
11,055000	9,601662E+1
11,060000	9,600006E+1
11,065000	9,597587E+1
11,070000	9,598988E+1
11,075000	9,601662E+1
11,080000	9,600388E+1
11,085000	9,600898E+1
11,090000	9,601534E+1
11,095000	9,599242E+1
11,100000	9,599370E+1
11,105000	9,598606E+1
11,110000	9,601916E+1
11,115000	9,600388E+1
11,120000	9,599242E+1
11,125000	9,599370E+1
11,130000	9,601407E+1
11,135000	9,602171E+1
11,140000	9,600006E+1
11,145000	9,598733E+1
11,150000	9,600388E+1
11,155000	9,603190E+1
11,160000	9,601025E+1
11,165000	9,599115E+1
11,170000	9,600643E+1
11,175000	9,602298E+1
11,180000	9,599370E+1
11,185000	9,599497E+1
11,190000	9,602171E+1
11,195000	9,600516E+1
11,200000	9,602171E+1
11,205000	9,600898E+1
11,210000	9,601280E+1
11,215000	9,601152E+1
11,220000	9,600770E+1
11,225000	9,599370E+1
11,230000	9,599879E+1
11,235000	9,600898E+1
11,240000	9,601916E+1
11,245000	9,600898E+1
11,250000	9,601152E+1
11,255000	9,600770E+1
11,260000	9,601025E+1
11,265000	9,600006E+1
11,270000	9,602044E+1
11,275000	9,601662E+1
11,280000	9,600770E+1
11,285000	9,599879E+1
11,290000	9,600898E+1
11,295000	9,601662E+1
11,300000	9,599752E+1
11,305000	9,600261E+1
11,310000	9,601407E+1
11,315000	9,601916E+1
11,320000	9,600388E+1
11,325000	9,600898E+1
11,330000	9,602298E+1
11,335000	9,603190E+1
11,340000	9,601280E+1
11,345000	9,600006E+1
11,350000	9,599752E+1
11,355000	9,601662E+1
11,360000	9,600261E+1
11,365000	9,600134E+1
11,370000	9,601916E+1
11,375000	9,602044E+1
11,380000	9,602680E+1
11,385000	9,601152E+1
11,390000	9,601662E+1
11,395000	9,602553E+1
11,400000	9,601407E+1
11,405000	9,599370E+1
11,410000	9,601025E+1
11,415000	9,601662E+1
11,420000	9,601407E+1
11,425000	9,600006E+1
11,430000	9,601407E+1
11,435000	9,600516E+1
11,440000	9,601534E+1
11,445000	9,601407E+1
11,450000	9,602680E+1
11,455000	9,601789E+1
11,460000	9,601662E+1
11,465000	9,599497E+1
11,470000	9,602044E+1
11,475000	9,601916E+1
11,480000	9,602298E+1
11,485000	9,599879E+1
11,490000	9,601789E+1
11,495000	9,602171E+1
11,500000	9,601407E+1
11,505000	9,599879E+1
11,510000	9,603062E+1
11,515000	9,603444E+1
11,520000	9,598606E+1
11,525000	9,602935E+1
11,530000	9,602171E+1
11,535000	9,602680E+1
11,540000	9,602044E+1
11,545000	9,600516E+1
11,550000	9,602553E+1
11,555000	9,603699E+1
11,560000	9,602808E+1
11,565000	9,601407E+1
11,570000	9,602808E+1
11,575000	9,602680E+1
11,580000	9,603954E+1
11,585000	9,597842E+1
11,590000	9,604717E+1
11,595000	9,602680E+1
11,600000	9,601916E+1
11,605000	9,601789E+1
11,610000	9,603062E+1
11,615000	9,603190E+1
11,620000	9,600643E+1
11,625000	9,599752E+1
11,630000	9,603190E+1
11,635000	9,604336E+1
11,640000	9,602298E+1
11,645000	9,601407E+1
11,650000	9,603444E+1
11,655000	9,603572E+1
11,660000	9,602171E+1
11,665000	9,601916E+1
11,670000	9,602298E+1
11,675000	9,603190E+1
11,680000	9,600516E+1
11,685000	9,602426E+1
11,690000	9,603062E+1
11,695000	9,602680E+1
11,700000	9,601916E+1
11,705000	9,602298E+1
11,710000	9,603444E+1
11,715000	9,604336E+1
11,720000	9,602808E+1
11,725000	9,601789E+1
11,730000	9,602044E+1
11,735000	9,601789E+1
11,740000	9,601152E+1
11,745000	9,602553E+1
11,750000	9,602935E+1
11,755000	9,604208E+1
11,760000	9,602171E+1
11,765000	9,602298E+1
11,770000	9,603062E+1
11,775000	9,602808E+1
11,780000	9,601789E+1
11,785000	9,601407E+1
11,790000	9,602935E+1
11,795000	9,602808E+1
11,800000	9,603954E+1
11,805000	9,601662E+1
11,810000	9,602935E+1
11,815000	9,602680E+1
11,820000	9,602426E+1
11,825000	9,602298E+1
11,830000	9,604208E+1
11,835000	9,604972E+1
11,840000	9,601662E+1
11,845000	9,601916E+1
11,850000	9,603444E+1
11,855000	9,603826E+1
11,860000	9,602426E+1
11,865000	9,601407E+1
11,870000	9,604336E+1
11,875000	9,601280E+1
11,880000	9,603444E+1
11,885000	9,603444E+1
11,890000	9,603444E+1
11,895000	9,603572E+1
11,900000	9,602808E+1
11,905000	9,601534E+1
11,910000	9,604081E+1
11,915000	9,603572E+1
11,920000	9,604717E+1
11,925000	9,603062E+1
11,930000	9,604208E+1
11,935000	9,603190E+1
11,940000	9,602426E+1
11,945000	9,603826E+1
11,950000	9,604336E+1
11,955000	9,603062E+1
11,960000	9,603190E+1
11,965000	9,602680E+1
11,970000	9,605099E+1
11,975000	9,603444E+1
11,980000	9,601662E+1
11,985000	9,602935E+1
11,990000	9,604590E+1
11,995000	9,604208E+1
12,000000	9,603699E+1
12,005000	9,602426E+1
12,010000	9,603699E+1
12,015000	9,603317E+1
12,020000	9,603699E+1
12,025000	9,601916E+1
12,030000	9,603954E+1
12,035000	9,606627E+1
12,040000	9,603954E+1
12,045000	9,602808E+1
12,050000	9,605099E+1
12,055000	9,604845E+1
12,060000	9,601662E+1
12,065000	9,602044E+1
12,070000	9,604463E+1
12,075000	9,604972E+1
12,080000	9,602426E+1
12,085000	9,601662E+1
12,090000	9,605609E+1
12,095000	9,605099E+1
12,100000	9,602553E+1
12,105000	9,601916E+1
12,110000	9,605354E+1
12,115000	9,605227E+1
12,120000	9,602171E+1
12,125000	9,604336E+1
12,130000	9,604717E+1
12,135000	9,603954E+1
12,140000	9,603572E+1
12,145000	9,601916E+1
12,150000	9,603826E+1
12,155000	9,604336E+1
12,160000	9,603826E+1
12,165000	9,603317E+1
12,170000	9,604590E+1
12,175000	9,605099E+1
12,180000	9,602680E+1
12,185000	9,604717E+1
12,190000	9,604717E+1
12,195000	9,603317E+1
12,200000	9,602044E+1
12,205000	9,603444E+1
12,210000	9,605481E+1
12,215000	9,604463E+1
12,220000	9,601662E+1
12,225000	9,603826E+1
12,230000	9,605227E+1
12,235000	9,605354E+1
12,240000	9,604336E+1
12,245000	9,603572E+1
12,250000	9,605481E+1
12,255000	9,605227E+1
12,260000	9,604336E+1
12,265000	9,603190E+1
12,270000	9,603954E+1
12,275000	9,603572E+1
12,280000	9,603190E+1
12,285000	9,603444E+1
12,290000	9,604208E+1
12,295000	9,604081E+1
12,300000	9,604590E+1
12,305000	9,605863E+1
12,310000	9,602298E+1
12,315000	9,606882E+1
12,320000	9,604081E+1
12,325000	9,603826E+1
12,330000	9,605991E+1
12,335000	9,604845E+1
12,340000	9,602935E+1
12,345000	9,603699E+1
12,350000	9,606118E+1
12,355000	9,604463E+1
12,360000	9,602808E+1
12,365000	9,602553E+1
12,370000	9,604972E+1
12,375000	9,605991E+1
12,380000	9,604590E+1
12,385000	9,603699E+1
12,390000	9,604972E+1
12,395000	9,604590E+1
12,400000	9,603954E+1
12,405000	9,603954E+1
12,410000	9,604717E+1
12,415000	9,605736E+1
12,420000	9,605099E+1
12,425000	9,603826E+1
12,430000	9,604208E+1
12,435000	9,603572E+1
12,440000	9,603444E+1
12,445000	9,604336E+1
12,450000	9,605609E+1
12,455000	9,605227E+1
12,460000	9,602808E+1
12,465000	9,603826E+1
12,470000	9,605481E+1
12,475000	9,607264E+1
12,480000	9,604590E+1
12,485000	9,604717E+1
12,490000	9,603699E+1
12,495000	9,605991E+1
12,500000	9,605609E+1
12,505000	9,605481E+1
12,510000	9,606245E+1
12,515000	9,605227E+1
12,520000	9,604845E+1
12,525000	9,604208E+1
12,530000	9,605609E+1
12,535000	9,604463E+1
12,540000	9,603954E+1
12,545000	9,604972E+1
12,550000	9,606755E+1
12,555000	9,606882E+1
12,560000	9,603826E+1
12,565000	9,604081E+1
12,570000	9,606627E+1
12,575000	9,606882E+1
12,580000	9,603954E+1
12,585000	9,603954E+1
12,590000	9,607264E+1
12,595000	9,606500E+1
12,600000	9,602298E+1
12,605000	9,606118E+1
12,610000	9,606755E+1
12,615000	9,604081E+1
12,620000	9,604972E+1
12,625000	9,605609E+1
12,630000	9,604208E+1
12,635000	9,605099E+1
12,640000	9,605481E+1
12,645000	9,606500E+1
12,650000	9,607773E+1
12,655000	9,605609E+1
12,660000	9,602553E+1
12,665000	9,604463E+1
12,670000	9,606373E+1
12,675000	9,607391E+1
12,680000	9,605481E+1
12,685000	9,604845E+1
12,690000	9,605863E+1
12,695000	9,605609E+1
12,700000	9,604590E+1
12,705000	9,605099E+1
12,710000	9,605227E+1
12,715000	9,606373E+1
12,720000	9,604081E+1
12,725000	9,604972E+1
12,730000	9,605481E+1
12,735000	9,609429E+1
12,740000	9,603190E+1
12,745000	9,605099E+1
12,750000	9,606500E+1
12,755000	9,604590E+1
12,760000	9,606500E+1
12,765000	9,603699E+1
12,770000	9,605991E+1
12,775000	9,605991E+1
12,780000	9,603699E+1
12,785000	9,606373E+1
12,790000	9,605991E+1
12,795000	9,605481E+1
12,800000	9,604717E+1
12,805000	9,605354E+1
12,810000	9,606118E+1
12,815000	9,605099E+1
12,820000	9,603699E+1
12,825000	9,603954E+1
12,830000	9,606500E+1
12,835000	9,606627E+1
12,840000	9,605227E+1
12,845000	9,605863E+1
12,850000	9,607264E+1
12,855000	9,605863E+1
12,860000	9,603954E+1
12,865000	9,605227E+1
12,870000	9,605863E+1
12,875000	9,607773E+1
12,880000	9,604972E+1
12,885000	9,606118E+1
12,890000	9,607646E+1
12,895000	9,605099E+1
12,900000	9,606373E+1
12,905000	9,604972E+1
12,910000	9,607009E+1
12,915000	9,605609E+1
12,920000	9,604463E+1
12,925000	9,605099E+1
12,930000	9,606882E+1
12,935000	9,606245E+1
12,940000	9,604336E+1
12,945000	9,606118E+1
12,950000	9,606882E+1
12,955000	9,607264E+1
12,960000	9,606373E+1
12,965000	9,606755E+1
12,970000	9,606500E+1
12,975000	9,607009E+1
12,980000	9,605354E+1
12,985000	9,605099E+1
12,990000	9,606755E+1
12,995000	9,606755E+1
13,000000	9,604972E+1
13,005000	9,606118E+1
13,010000	9,607391E+1
13,015000	9,606500E+1
13,020000	9,604463E+1
13,025000	9,606118E+1
13,030000	9,608028E+1
13,035000	9,604972E+1
13,040000	9,605481E+1
13,045000	9,605227E+1
13,050000	9,606500E+1
13,055000	9,604463E+1
13,060000	9,606500E+1
13,065000	9,605354E+1
13,070000	9,608283E+1
13,075000	9,606627E+1
13,080000	9,605481E+1
13,085000	9,606882E+1
13,090000	9,606882E+1
13,095000	9,606627E+1
13,100000	9,604463E+1
13,105000	9,605736E+1
13,110000	9,606755E+1
13,115000	9,606373E+1
13,120000	9,606373E+1
13,125000	9,605863E+1
13,130000	9,608283E+1
13,135000	9,607264E+1
13,140000	9,605354E+1
13,145000	9,606755E+1
13,150000	9,607901E+1
13,155000	9,606245E+1
13,160000	9,605736E+1
13,165000	9,604972E+1
13,170000	9,605991E+1
13,175000	9,606627E+1
13,180000	9,604590E+1
13,185000	9,605736E+1
13,190000	9,607264E+1
13,195000	9,607646E+1
13,200000	9,605099E+1
13,205000	9,607901E+1
13,210000	9,608028E+1
13,215000	9,607646E+1
13,220000	9,605481E+1
13,225000	9,607009E+1
13,230000	9,607773E+1
13,235000	9,606245E+1
13,240000	9,606245E+1
13,245000	9,605991E+1
13,250000	9,607009E+1
13,255000	9,607391E+1
13,260000	9,605354E+1
13,265000	9,606500E+1
13,270000	9,607391E+1
13,275000	9,605991E+1
13,280000	9,605863E+1
13,285000	9,607137E+1
13,290000	9,607391E+1
13,295000	9,606882E+1
13,300000	9,606755E+1
13,305000	9,606627E+1
13,310000	9,608155E+1
13,315000	9,607519E+1
13,320000	9,606373E+1
13,325000	9,608919E+1
13,330000	9,607264E+1
13,335000	9,606882E+1
13,340000	9,605863E+1
13,345000	9,605991E+1
13,350000	9,607264E+1
13,355000	9,606373E+1
13,360000	9,605863E+1
13,365000	9,606500E+1
13,370000	9,608283E+1
13,375000	9,607519E+1
13,380000	9,606373E+1
13,385000	9,606500E+1
13,390000	9,607391E+1
13,395000	9,606245E+1
13,400000	9,606118E+1
13,405000	9,607137E+1
13,410000	9,608919E+1
13,415000	9,607519E+1
13,420000	9,606882E+1
13,425000	9,607009E+1
13,430000	9,606373E+1
13,435000	9,607264E+1
13,440000	9,606755E+1
13,445000	9,606882E+1
13,450000	9,608665E+1
13,455000	9,607391E+1
13,460000	9,605099E+1
13,465000	9,605991E+1
13,470000	9,609174E+1
13,475000	9,607391E+1
13,480000	9,606500E+1
13,485000	9,608410E+1
13,490000	9,608537E+1
13,495000	9,608537E+1
13,500000	9,606373E+1
13,505000	9,605991E+1
13,510000	9,607264E+1
13,515000	9,610193E+1
13,520000	9,606627E+1
13,525000	9,606627E+1
13,530000	9,607009E+1
13,535000	9,607901E+1
13,540000	9,605736E+1
13,545000	9,606245E+1
13,550000	9,605736E+1
13,555000	9,609429E+1
13,560000	9,605736E+1
13,565000	9,606500E+1
13,570000	9,608155E+1
13,575000	9,607264E+1
13,580000	9,607009E+1
13,585000	9,608410E+1
13,590000	9,608410E+1
13,595000	9,608155E+1
13,600000	9,605609E+1
13,605000	9,607391E+1
13,610000	9,609429E+1
13,615000	9,608537E+1
13,620000	9,608155E+1
13,625000	9,608919E+1
13,630000	9,607137E+1
13,635000	9,607901E+1
13,640000	9,606245E+1
13,645000	9,606118E+1
13,650000	9,609174E+1
13,655000	9,608665E+1
13,660000	9,607137E+1
13,665000	9,608410E+1
13,670000	9,608665E+1
13,675000	9,607264E+1
13,680000	9,606500E+1
13,685000	9,607773E+1
13,690000	9,609429E+1
13,695000	9,608792E+1
13,700000	9,606882E+1
13,705000	9,608792E+1
13,710000	9,608155E+1
13,715000	9,607264E+1
13,720000	9,607264E+1
13,725000	9,608537E+1
13,730000	9,608410E+1
13,735000	9,608537E+1
13,740000	9,603954E+1
13,745000	9,605609E+1
13,750000	9,608792E+1
13,755000	9,608155E+1
13,760000	9,607009E+1
13,765000	9,607901E+1
13,770000	9,608410E+1
13,775000	9,608028E+1
13,780000	9,606627E+1
13,785000	9,606755E+1
13,790000	9,609429E+1
13,795000	9,608537E+1
13,800000	9,607009E+1
13,805000	9,607773E+1
13,810000	9,609174E+1
13,815000	9,608283E+1
13,820000	9,607264E+1
13,825000	9,608028E+1
13,830000	9,608283E+1
13,835000	9,609174E+1
13,840000	9,608155E+1
13,845000	9,607009E+1
13,850000	9,608665E+1
13,855000	9,607773E+1
13,860000	9,607519E+1
13,865000	9,609047E+1
13,870000	9,609429E+1
13,875000	9,608028E+1
13,880000	9,608537E+1
13,885000	9,607264E+1
13,890000	9,608919E+1
13,895000	9,607391E+1
13,900000	9,606373E+1
13,905000	9,607646E+1
13,910000	9,608665E+1
13,915000	9,607009E+1
13,920000	9,606755E+1
13,925000	9,608283E+1
13,930000	9,609811E+1
13,935000	9,609429E+1
13,940000	9,607773E+1
13,945000	9,608537E+1
13,950000	9,608155E+1
13,955000	9,607137E+1
13,960000	9,607009E+1
13,965000	9,607646E+1
13,970000	9,609174E+1
13,975000	9,606755E+1
13,980000	9,606245E+1
13,985000	9,607137E+1
13,990000	9,609301E+1
13,995000	9,606627E+1
14,000000	9,606627E+1
14,005000	9,608537E+1
14,010000	9,608155E+1
14,015000	9,608537E+1
14,020000	9,607391E+1
14,025000	9,607901E+1
14,030000	9,609811E+1
14,035000	9,608028E+1
14,040000	9,607264E+1
14,045000	9,608665E+1
14,050000	9,608919E+1
14,055000	9,608792E+1
14,060000	9,606245E+1
14,065000	9,607519E+1
14,070000	9,608410E+1
14,075000	9,608028E+1
14,080000	9,608665E+1
14,085000	9,609556E+1
14,090000	9,610447E+1
14,095000	9,605991E+1
14,100000	9,608283E+1
14,105000	9,609556E+1
14,110000	9,608537E+1
14,115000	9,608028E+1
14,120000	9,607519E+1
14,125000	9,607137E+1
14,130000	9,608410E+1
14,135000	9,609047E+1
14,140000	9,608410E+1
14,145000	9,608155E+1
14,150000	9,608792E+1
14,155000	9,608155E+1
14,160000	9,608792E+1
14,165000	9,609174E+1
14,170000	9,607646E+1
14,175000	9,608410E+1
14,180000	9,608283E+1
14,185000	9,608537E+1
14,190000	9,610065E+1
14,195000	9,608028E+1
14,200000	9,605609E+1
14,205000	9,609047E+1
14,210000	9,610065E+1
14,215000	9,607519E+1
14,220000	9,606882E+1
14,225000	9,609683E+1
14,230000	9,608155E+1
14,235000	9,609047E+1
14,240000	9,607391E+1
14,245000	9,608410E+1
14,250000	9,608537E+1
14,255000	9,609174E+1
14,260000	9,607901E+1
14,265000	9,608665E+1
14,270000	9,609811E+1
14,275000	9,608665E+1
14,280000	9,607646E+1
14,285000	9,607646E+1
14,290000	9,608155E+1
14,295000	9,607391E+1
14,300000	9,606627E+1
14,305000	9,609938E+1
14,310000	9,608792E+1
14,315000	9,608283E+1
14,320000	9,607646E+1
14,325000	9,608919E+1
14,330000	9,610320E+1
14,335000	9,609047E+1
14,340000	9,608537E+1
14,345000	9,609047E+1
14,350000	9,608665E+1
14,355000	9,606755E+1
14,360000	9,606755E+1
14,365000	9,609556E+1
14,370000	9,610193E+1
14,375000	9,608792E+1
14,380000	9,608155E+1
14,385000	9,608665E+1
14,390000	9,609683E+1
14,395000	9,607137E+1
14,400000	9,608665E+1
14,405000	9,608919E+1
14,410000	9,609683E+1
14,415000	9,608919E+1
14,420000	9,609047E+1
14,425000	9,608155E+1
14,430000	9,610065E+1
14,435000	9,608792E+1
14,440000	9,607009E+1
14,445000	9,609174E+1
14,450000	9,608155E+1
14,455000	9,608283E+1
14,460000	9,607773E+1
14,465000	9,609301E+1
14,470000	9,609683E+1
14,475000	9,609556E+1
14,480000	9,608410E+1
14,485000	9,608537E+1
14,490000	9,609811E+1
14,495000	9,609301E+1
14,500000	9,608792E+1
14,505000	9,608665E+1
14,510000	9,607391E+1
14,515000	9,609811E+1
14,520000	9,607901E+1
14,525000	9,608792E+1
14,530000	9,608537E+1
14,535000	9,609174E+1
14,540000	9,608792E+1
14,545000	9,608919E+1
14,550000	9,607773E+1
14,555000	9,609811E+1
14,560000	9,608283E+1
14,565000	9,608919E+1
14,570000	9,610193E+1
14,575000	9,609811E+1
14,580000	9,606373E+1
14,585000	9,608919E+1
14,590000	9,609174E+1
14,595000	9,608155E+1
14,600000	9,608792E+1
14,605000	9,609683E+1
14,610000	9,609556E+1
14,615000	9,609683E+1
14,620000	9,608665E+1
14,625000	9,609301E+1
14,630000	9,608919E+1
14,635000	9,609174E+1
14,640000	9,607264E+1
14,645000	9,609683E+1
14,650000	9,609938E+1
14,655000	9,611338E+1
14,660000	9,607009E+1
14,665000	9,610702E+1
14,670000	9,607901E+1
14,675000	9,609047E+1
14,680000	9,608283E+1
14,685000	9,608919E+1
14,690000	9,609301E+1
14,695000	9,608537E+1
14,700000	9,608665E+1
14,705000	9,610065E+1
14,710000	9,608028E+1
14,715000	9,607901E+1
14,720000	9,608537E+1
14,725000	9,610065E+1
14,730000	9,610320E+1
14,735000	9,609683E+1

