date/time: ,04/07/2024,05:30 p.m.
Run 1

time	(KPA)
0,000000	1,013796E+2
0,005000	1,014318E+2
0,010000	1,013682E+2
0,015000	1,014369E+2
0,020000	1,013554E+2
0,025000	1,014191E+2
0,030000	1,013682E+2
0,035000	1,013885E+2
0,040000	1,013923E+2
0,045000	1,013567E+2
0,050000	1,014280E+2
0,055000	1,013758E+2
0,060000	1,013834E+2
0,065000	1,014025E+2
0,070000	1,013962E+2
0,075000	1,014025E+2
0,080000	1,013567E+2
0,085000	1,014127E+2
0,090000	1,014114E+2
0,095000	1,013707E+2
0,100000	1,014102E+2
0,105000	1,013707E+2
0,110000	1,014535E+2
0,115000	1,013516E+2
0,120000	1,014216E+2
0,125000	1,013605E+2
0,130000	1,014216E+2
0,135000	1,013465E+2
0,140000	1,014204E+2
0,145000	1,013567E+2
0,150000	1,014395E+2
0,155000	1,013529E+2
0,160000	1,014280E+2
0,165000	1,013631E+2
0,170000	1,014076E+2
0,175000	1,013885E+2
0,180000	1,013923E+2
0,185000	1,013783E+2
0,190000	1,014267E+2
0,195000	1,013707E+2
0,200000	1,014051E+2
0,205000	1,013987E+2
0,210000	1,014013E+2
0,215000	1,013758E+2
0,220000	1,014153E+2
0,225000	1,013452E+2
0,230000	1,014280E+2
0,235000	1,013873E+2
0,240000	1,013682E+2
0,245000	1,014127E+2
0,250000	1,013796E+2
0,255000	1,013376E+2
0,260000	1,014458E+2
0,265000	1,013554E+2
0,270000	1,014407E+2
0,275000	1,013592E+2
0,280000	1,014153E+2
0,285000	1,013580E+2
0,290000	1,014522E+2
0,295000	1,013567E+2
0,300000	1,014254E+2
0,305000	1,013592E+2
0,310000	1,014344E+2
0,315000	1,013478E+2
0,320000	1,014089E+2
0,325000	1,013822E+2
0,330000	1,013771E+2
0,335000	1,014178E+2
0,340000	1,013834E+2
0,345000	1,014025E+2
0,350000	1,013529E+2
0,355000	1,014153E+2
0,360000	1,013669E+2
0,365000	1,014331E+2
0,370000	1,013656E+2
0,375000	1,013860E+2
0,380000	1,013923E+2
0,385000	1,013822E+2
0,390000	1,014280E+2
0,395000	1,013567E+2
0,400000	1,014025E+2
0,405000	1,013873E+2
0,410000	1,014267E+2
0,415000	1,013605E+2
0,420000	1,013898E+2
0,425000	1,014229E+2
0,430000	1,013809E+2
0,435000	1,014140E+2
0,440000	1,014013E+2
0,445000	1,013783E+2
0,450000	1,013771E+2
0,455000	1,014216E+2
0,460000	1,013401E+2
0,465000	1,014318E+2
0,470000	1,013618E+2
0,475000	1,014229E+2
0,480000	1,013796E+2
0,485000	1,013911E+2
0,490000	1,014153E+2
0,495000	1,013771E+2
0,500000	1,014076E+2
0,505000	1,013783E+2
0,510000	1,014000E+2
0,515000	1,013936E+2
0,520000	1,013847E+2
0,525000	1,013783E+2
0,530000	1,014216E+2
0,535000	1,013783E+2
0,540000	1,013707E+2
0,545000	1,014114E+2
0,550000	1,013809E+2
0,555000	1,014000E+2
0,560000	1,013949E+2
0,565000	1,013732E+2
0,570000	1,013822E+2
0,575000	1,014242E+2
0,580000	1,013847E+2
0,585000	1,013771E+2
0,590000	1,014216E+2
0,595000	1,013707E+2
0,600000	1,013822E+2
0,605000	1,013936E+2
0,610000	1,014038E+2
0,615000	1,014051E+2
0,620000	1,013885E+2
0,625000	1,014013E+2
0,630000	1,013822E+2
0,635000	1,014127E+2
0,640000	1,013656E+2
0,645000	1,014344E+2
0,650000	1,013631E+2
0,655000	1,014356E+2
0,660000	1,013478E+2
0,665000	1,014356E+2
0,670000	1,013580E+2
0,675000	1,014267E+2
0,680000	1,013503E+2
0,685000	1,013949E+2
0,690000	1,014064E+2
0,695000	1,013822E+2
0,700000	1,013949E+2
0,705000	1,014178E+2
0,710000	1,013847E+2
0,715000	1,013911E+2
0,720000	1,014204E+2
0,725000	1,013554E+2
0,730000	1,014356E+2
0,735000	1,013605E+2
0,740000	1,014089E+2
0,745000	1,013923E+2
0,750000	1,013822E+2
0,755000	1,013898E+2
0,760000	1,013834E+2
0,765000	1,013732E+2
0,770000	1,014305E+2
0,775000	1,013541E+2
0,780000	1,014127E+2
0,785000	1,013592E+2
0,790000	1,014356E+2
0,795000	1,013491E+2
0,800000	1,014229E+2
0,805000	1,013605E+2
0,810000	1,014114E+2
0,815000	1,013949E+2
0,820000	1,013541E+2
0,825000	1,014305E+2
0,830000	1,013822E+2
0,835000	1,013860E+2
0,840000	1,013911E+2
0,845000	1,014140E+2
0,850000	1,013694E+2
0,855000	1,014305E+2
0,860000	1,013503E+2
0,865000	1,014344E+2
0,870000	1,013516E+2
0,875000	1,013847E+2
0,880000	1,014331E+2
0,885000	1,013503E+2
0,890000	1,014509E+2
0,895000	1,013503E+2
0,900000	1,014420E+2
0,905000	1,013962E+2
0,910000	1,013592E+2
0,915000	1,014382E+2
0,920000	1,013350E+2
0,925000	1,014242E+2
0,930000	1,013720E+2
0,935000	1,013923E+2
0,940000	1,013682E+2
0,945000	1,014382E+2
0,950000	1,013631E+2
0,955000	1,013885E+2
0,960000	1,013758E+2
0,965000	1,014280E+2
0,970000	1,013605E+2
0,975000	1,014191E+2
0,980000	1,013745E+2
0,985000	1,014153E+2
0,990000	1,013732E+2
0,995000	1,014484E+2
1,000000	1,013516E+2
1,005000	1,014204E+2
1,010000	1,014140E+2
1,015000	1,013503E+2
1,020000	1,014369E+2
1,025000	1,013643E+2
1,030000	1,014140E+2
1,035000	1,013962E+2
1,040000	1,013783E+2
1,045000	1,014382E+2
1,050000	1,013682E+2
1,055000	1,014484E+2
1,060000	1,013592E+2
1,065000	1,013541E+2
1,070000	1,014407E+2
1,075000	1,013554E+2
1,080000	1,013580E+2
1,085000	1,014471E+2
1,090000	1,014000E+2
1,095000	1,013452E+2
1,100000	1,014191E+2
1,105000	1,014216E+2
1,110000	1,013452E+2
1,115000	1,014191E+2
1,120000	1,013911E+2
1,125000	1,013210E+2
1,130000	1,013962E+2
1,135000	1,014535E+2
1,140000	1,013885E+2
1,145000	1,013389E+2
1,150000	1,014102E+2
1,155000	1,014280E+2
1,160000	1,013325E+2
1,165000	1,014051E+2
1,170000	1,014191E+2
1,175000	1,013491E+2
1,180000	1,014242E+2
1,185000	1,013911E+2
1,190000	1,013783E+2
1,195000	1,014509E+2
1,200000	1,013949E+2
1,205000	1,013363E+2
1,210000	1,014242E+2
1,215000	1,013987E+2
1,220000	1,013529E+2
1,225000	1,014395E+2
1,230000	1,013554E+2
1,235000	1,013809E+2
1,240000	1,014445E+2
1,245000	1,013541E+2
1,250000	1,013618E+2
1,255000	1,014509E+2
1,260000	1,013656E+2
1,265000	1,013529E+2
1,270000	1,014433E+2
1,275000	1,013580E+2
1,280000	1,013732E+2
1,285000	1,014165E+2
1,290000	1,013567E+2
1,295000	1,014331E+2
1,300000	1,013618E+2
1,305000	1,014305E+2
1,310000	1,013720E+2
1,315000	1,014254E+2
1,320000	1,013452E+2
1,325000	1,014140E+2
1,330000	1,013771E+2
1,335000	1,014293E+2
1,340000	1,013249E+2
1,345000	1,014025E+2
1,350000	1,014165E+2
1,355000	1,013274E+2
1,360000	1,014267E+2
1,365000	1,013949E+2
1,370000	1,013962E+2
1,375000	1,013796E+2
1,380000	1,014064E+2
1,385000	1,013936E+2
1,390000	1,013720E+2
1,395000	1,014407E+2
1,400000	1,013389E+2
1,405000	1,014420E+2
1,410000	1,013783E+2
1,415000	1,014064E+2
1,420000	1,013592E+2
1,425000	1,014344E+2
1,430000	1,013758E+2
1,435000	1,014216E+2
1,440000	1,013605E+2
1,445000	1,014229E+2
1,450000	1,013618E+2
1,455000	1,014064E+2
1,460000	1,013923E+2
1,465000	1,013541E+2
1,470000	1,014165E+2
1,475000	1,013478E+2
1,480000	1,013847E+2
1,485000	1,014089E+2
1,490000	1,014064E+2
1,495000	1,013720E+2
1,500000	1,014254E+2
1,505000	1,013389E+2
1,510000	1,014000E+2
1,515000	1,014242E+2
1,520000	1,013401E+2
1,525000	1,014382E+2
1,530000	1,014089E+2
1,535000	1,013236E+2
1,540000	1,014191E+2
1,545000	1,013923E+2
1,550000	1,013707E+2
1,555000	1,013732E+2
1,560000	1,014305E+2
1,565000	1,013618E+2
1,570000	1,014267E+2
1,575000	1,013809E+2
1,580000	1,013707E+2
1,585000	1,014229E+2
1,590000	1,013720E+2
1,595000	1,014242E+2
1,600000	1,013516E+2
1,605000	1,014254E+2
1,610000	1,013580E+2
1,615000	1,014178E+2
1,620000	1,013401E+2
1,625000	1,014293E+2
1,630000	1,013745E+2
1,635000	1,013643E+2
1,640000	1,014280E+2
1,645000	1,013452E+2
1,650000	1,014293E+2
1,655000	1,013618E+2
1,660000	1,013949E+2
1,665000	1,013962E+2
1,670000	1,013580E+2
1,675000	1,014191E+2
1,680000	1,013478E+2
1,685000	1,014293E+2
1,690000	1,013529E+2
1,695000	1,014267E+2
1,700000	1,013440E+2
1,705000	1,013745E+2
1,710000	1,013860E+2
1,715000	1,014204E+2
1,720000	1,013465E+2
1,725000	1,014293E+2
1,730000	1,013694E+2
1,735000	1,014267E+2
1,740000	1,013694E+2
1,745000	1,013974E+2
1,750000	1,013745E+2
1,755000	1,014496E+2
1,760000	1,013376E+2
1,765000	1,013885E+2
1,770000	1,014675E+2
1,775000	1,013949E+2
1,780000	1,013185E+2
1,785000	1,014433E+2
1,790000	1,013860E+2
1,795000	1,013554E+2
1,800000	1,014331E+2
1,805000	1,013656E+2
1,810000	1,013580E+2
1,815000	1,013834E+2
1,820000	1,013873E+2
1,825000	1,014114E+2
1,830000	1,013771E+2
1,835000	1,014216E+2
1,840000	1,013452E+2
1,845000	1,014114E+2
1,850000	1,013554E+2
1,855000	1,014242E+2
1,860000	1,013503E+2
1,865000	1,014178E+2
1,870000	1,013503E+2
1,875000	1,014267E+2
1,880000	1,013440E+2
1,885000	1,014369E+2
1,890000	1,013643E+2
1,895000	1,014153E+2
1,900000	1,013541E+2
1,905000	1,014331E+2
1,910000	1,013541E+2
1,915000	1,014089E+2
1,920000	1,013669E+2
1,925000	1,013860E+2
1,930000	1,014114E+2
1,935000	1,013554E+2
1,940000	1,014165E+2
1,945000	1,013707E+2
1,950000	1,014318E+2
1,955000	1,013541E+2
1,960000	1,014178E+2
1,965000	1,013707E+2
1,970000	1,013949E+2
1,975000	1,013847E+2
1,980000	1,014076E+2
1,985000	1,013796E+2
1,990000	1,014051E+2
1,995000	1,013898E+2
2,000000	1,013720E+2
2,005000	1,014000E+2
2,010000	1,013796E+2
2,015000	1,014267E+2
2,020000	1,013491E+2
2,025000	1,014369E+2
2,030000	1,013592E+2
2,035000	1,014229E+2
2,040000	1,013363E+2
2,045000	1,014293E+2
2,050000	1,013669E+2
2,055000	1,014229E+2
2,060000	1,013414E+2
2,065000	1,014420E+2
2,070000	1,013656E+2
2,075000	1,014280E+2
2,080000	1,013363E+2
2,085000	1,014229E+2
2,090000	1,013656E+2
2,095000	1,014204E+2
2,100000	1,013643E+2
2,105000	1,014433E+2
2,110000	1,013592E+2
2,115000	1,014293E+2
2,120000	1,013503E+2
2,125000	1,014216E+2
2,130000	1,013618E+2
2,135000	1,014204E+2
2,140000	1,013503E+2
2,145000	1,014331E+2
2,150000	1,013758E+2
2,155000	1,014229E+2
2,160000	1,013567E+2
2,165000	1,014051E+2
2,170000	1,014114E+2
2,175000	1,013516E+2
2,180000	1,014140E+2
2,185000	1,013682E+2
2,190000	1,014153E+2
2,195000	1,014051E+2
2,200000	1,013465E+2
2,205000	1,014140E+2
2,210000	1,013643E+2
2,215000	1,014280E+2
2,220000	1,013478E+2
2,225000	1,014204E+2
2,230000	1,013427E+2
2,235000	1,014280E+2
2,240000	1,013567E+2
2,245000	1,014013E+2
2,250000	1,014445E+2
2,255000	1,013503E+2
2,260000	1,014153E+2
2,265000	1,013694E+2
2,270000	1,013758E+2
2,275000	1,014267E+2
2,280000	1,013440E+2
2,285000	1,014318E+2
2,290000	1,013503E+2
2,295000	1,014229E+2
2,300000	1,013860E+2
2,305000	1,013491E+2
2,310000	1,014611E+2
2,315000	1,013656E+2
2,320000	1,013440E+2
2,325000	1,014407E+2
2,330000	1,013669E+2
2,335000	1,013898E+2
2,340000	1,014254E+2
2,345000	1,013478E+2
2,350000	1,014344E+2
2,355000	1,013401E+2
2,360000	1,014051E+2
2,365000	1,014573E+2
2,370000	1,013847E+2
2,375000	1,013210E+2
2,380000	1,014064E+2
2,385000	1,014165E+2
2,390000	1,013580E+2
2,395000	1,014064E+2
2,400000	1,013911E+2
2,405000	1,013491E+2
2,410000	1,014484E+2
2,415000	1,013401E+2
2,420000	1,014127E+2
2,425000	1,013631E+2
2,430000	1,013758E+2
2,435000	1,014305E+2
2,440000	1,013350E+2
2,445000	1,013860E+2
2,450000	1,014433E+2
2,455000	1,013376E+2
2,460000	1,014229E+2
2,465000	1,013923E+2
2,470000	1,013631E+2
2,475000	1,014356E+2
2,480000	1,013936E+2
2,485000	1,013567E+2
2,490000	1,014305E+2
2,495000	1,013503E+2
2,500000	1,014204E+2
2,505000	1,013885E+2
2,510000	1,013732E+2
2,515000	1,014395E+2
2,520000	1,013465E+2
2,525000	1,013873E+2
2,530000	1,013834E+2
2,535000	1,013923E+2
2,540000	1,014140E+2
2,545000	1,013707E+2
2,550000	1,014140E+2
2,555000	1,013656E+2
2,560000	1,014089E+2
2,565000	1,013516E+2
2,570000	1,014293E+2
2,575000	1,013401E+2
2,580000	1,014076E+2
2,585000	1,013631E+2
2,590000	1,013936E+2
2,595000	1,013911E+2
2,600000	1,013745E+2
2,605000	1,013516E+2
2,610000	1,014305E+2
2,615000	1,013885E+2
2,620000	1,013707E+2
2,625000	1,014293E+2
2,630000	1,013669E+2
2,635000	1,014344E+2
2,640000	1,013567E+2
2,645000	1,014204E+2
2,650000	1,013783E+2
2,655000	1,013758E+2
2,660000	1,013860E+2
2,665000	1,013974E+2
2,670000	1,014407E+2
2,675000	1,013783E+2
2,680000	1,014216E+2
2,685000	1,013541E+2
2,690000	1,014331E+2
2,695000	1,013274E+2
2,700000	1,014204E+2
2,705000	1,013783E+2
2,710000	1,013758E+2
2,715000	1,014229E+2
2,720000	1,013414E+2
2,725000	1,014051E+2
2,730000	1,013809E+2
2,735000	1,014242E+2
2,740000	1,013465E+2
2,745000	1,014305E+2
2,750000	1,013643E+2
2,755000	1,014280E+2
2,760000	1,013567E+2
2,765000	1,014216E+2
2,770000	1,013643E+2
2,775000	1,014216E+2
2,780000	1,013643E+2
2,785000	1,013936E+2
2,790000	1,014407E+2
2,795000	1,013491E+2
2,800000	1,013503E+2
2,805000	1,014662E+2
2,810000	1,013809E+2
2,815000	1,013923E+2
2,820000	1,013720E+2
2,825000	1,013847E+2
2,830000	1,014433E+2
2,835000	1,013758E+2
2,840000	1,013682E+2
2,845000	1,013592E+2
2,850000	1,014204E+2
2,855000	1,013860E+2
2,860000	1,013669E+2
2,865000	1,014000E+2
2,870000	1,013873E+2
2,875000	1,014089E+2
2,880000	1,013465E+2
2,885000	1,014344E+2
2,890000	1,013580E+2
2,895000	1,014153E+2
2,900000	1,013529E+2
2,905000	1,014013E+2
2,910000	1,014165E+2
2,915000	1,013401E+2
2,920000	1,014293E+2
2,925000	1,013783E+2
2,930000	1,013618E+2
2,935000	1,014407E+2
2,940000	1,013478E+2
2,945000	1,014064E+2
2,950000	1,013580E+2
2,955000	1,014331E+2
2,960000	1,013732E+2
2,965000	1,013618E+2
2,970000	1,014471E+2
2,975000	1,013491E+2
2,980000	1,014051E+2
2,985000	1,014242E+2
2,990000	1,013554E+2
2,995000	1,013974E+2
3,000000	1,014000E+2
3,005000	1,013363E+2
3,010000	1,014267E+2
3,015000	1,014204E+2
3,020000	1,013478E+2
3,025000	1,014433E+2
3,030000	1,013745E+2
3,035000	1,013592E+2
3,040000	1,014433E+2
3,045000	1,013898E+2
3,050000	1,013465E+2
3,055000	1,014204E+2
3,060000	1,014127E+2
3,065000	1,013745E+2
3,070000	1,013822E+2
3,075000	1,014127E+2
3,080000	1,013261E+2
3,085000	1,014267E+2
3,090000	1,014751E+2
3,095000	1,014267E+2
3,100000	1,013300E+2
3,105000	1,013478E+2
3,110000	1,014254E+2
3,115000	1,014318E+2
3,120000	1,013287E+2
3,125000	1,013758E+2
3,130000	1,014522E+2
3,135000	1,014204E+2
3,140000	1,013465E+2
3,145000	1,013210E+2
3,150000	1,013923E+2
3,155000	1,014573E+2
3,160000	1,014165E+2
3,165000	1,013783E+2
3,170000	1,013376E+2
3,175000	1,013083E+2
3,180000	1,013987E+2
3,185000	1,013669E+2
3,190000	1,013949E+2
3,195000	1,013911E+2
3,200000	1,014165E+2
3,205000	1,014649E+2
3,210000	1,013847E+2
3,215000	1,014153E+2
3,220000	1,013478E+2
3,225000	1,013147E+2
3,230000	1,013923E+2
3,235000	1,013911E+2
3,240000	1,014191E+2
3,245000	1,014764E+2
3,250000	1,014140E+2
3,255000	1,013338E+2
3,260000	1,013032E+2
3,265000	1,013261E+2
3,270000	1,013987E+2
3,275000	1,013860E+2
3,280000	1,014025E+2
3,285000	1,013541E+2
3,290000	1,014216E+2
3,295000	1,013516E+2
3,300000	1,013834E+2
3,305000	1,014191E+2
3,310000	1,014687E+2
3,315000	1,013860E+2
3,320000	1,013732E+2
3,325000	1,013249E+2
3,330000	1,013605E+2
3,335000	1,013834E+2
3,340000	1,014318E+2
3,345000	1,014649E+2
3,350000	1,013949E+2
3,355000	1,013796E+2
3,360000	1,013083E+2
3,365000	1,014038E+2
3,370000	1,014547E+2
3,375000	1,014089E+2
3,380000	1,013567E+2
3,385000	1,013580E+2
3,390000	1,014573E+2
3,395000	1,014382E+2
3,400000	1,013440E+2
3,405000	1,013554E+2
3,410000	1,014573E+2
3,415000	1,014089E+2
3,420000	1,013376E+2
3,425000	1,013503E+2
3,430000	1,014420E+2
3,435000	1,014051E+2
3,440000	1,013032E+2
3,445000	1,013643E+2
3,450000	1,014382E+2
3,455000	1,014204E+2
3,460000	1,013236E+2
3,465000	1,014153E+2
3,470000	1,014344E+2
3,475000	1,013363E+2
3,480000	1,014191E+2
3,485000	1,013834E+2
3,490000	1,013694E+2
3,495000	1,014318E+2
3,500000	1,013745E+2
3,505000	1,013159E+2
3,510000	1,013962E+2
3,515000	1,014267E+2
3,520000	1,013541E+2
3,525000	1,014471E+2
3,530000	1,013771E+2
3,535000	1,013516E+2
3,540000	1,014076E+2
3,545000	1,013834E+2
3,550000	1,013592E+2
3,555000	1,014344E+2
3,560000	1,013796E+2
3,565000	1,013923E+2
3,570000	1,014038E+2
3,575000	1,013503E+2
3,580000	1,013987E+2
3,585000	1,014509E+2
3,590000	1,013873E+2
3,595000	1,013338E+2
3,600000	1,013873E+2
3,605000	1,014140E+2
3,610000	1,014700E+2
3,615000	1,013822E+2
3,620000	1,013185E+2
3,625000	1,013758E+2
3,630000	1,014598E+2
3,635000	1,014114E+2
3,640000	1,013325E+2
3,645000	1,014204E+2
3,650000	1,013529E+2
3,655000	1,013401E+2
3,660000	1,013962E+2
3,665000	1,014560E+2
3,670000	1,013720E+2
3,675000	1,014318E+2
3,680000	1,013554E+2
3,685000	1,013159E+2
3,690000	1,013962E+2
3,695000	1,014522E+2
3,700000	1,014114E+2
3,705000	1,013363E+2
3,710000	1,013834E+2
3,715000	1,014445E+2
3,720000	1,013580E+2
3,725000	1,013465E+2
3,730000	1,014356E+2
3,735000	1,014267E+2
3,740000	1,013491E+2
3,745000	1,013847E+2
3,750000	1,014229E+2
3,755000	1,013414E+2
3,760000	1,014254E+2
3,765000	1,013554E+2
3,770000	1,014216E+2
3,775000	1,013389E+2
3,780000	1,014242E+2
3,785000	1,013478E+2
3,790000	1,013389E+2
3,795000	1,013949E+2
3,800000	1,014586E+2
3,805000	1,013834E+2
3,810000	1,013249E+2
3,815000	1,013949E+2
3,820000	1,014407E+2
3,825000	1,013873E+2
3,830000	1,013643E+2
3,835000	1,014280E+2
3,840000	1,014458E+2
3,845000	1,013923E+2
3,850000	1,013554E+2
3,855000	1,013401E+2
3,860000	1,014305E+2
3,865000	1,014229E+2
3,870000	1,013414E+2
3,875000	1,013682E+2
3,880000	1,014458E+2
3,885000	1,014471E+2
3,890000	1,013962E+2
3,895000	1,013274E+2
3,900000	1,014127E+2
3,905000	1,013363E+2
3,910000	1,013771E+2
3,915000	1,014000E+2
3,920000	1,014433E+2
3,925000	1,013834E+2
3,930000	1,013236E+2
3,935000	1,013427E+2
3,940000	1,014076E+2
3,945000	1,014662E+2
3,950000	1,013694E+2
3,955000	1,013529E+2
3,960000	1,014344E+2
3,965000	1,013631E+2
3,970000	1,013873E+2
3,975000	1,014586E+2
3,980000	1,014331E+2
3,985000	1,013809E+2
3,990000	1,013185E+2
3,995000	1,013223E+2
4,000000	1,013745E+2
4,005000	1,013885E+2
4,010000	1,014535E+2
4,015000	1,014153E+2
4,020000	1,013414E+2
4,025000	1,013783E+2
4,030000	1,014662E+2
4,035000	1,013580E+2
4,040000	1,014611E+2
4,045000	1,013809E+2
4,050000	1,013427E+2
4,055000	1,013529E+2
4,060000	1,014025E+2
4,065000	1,014344E+2
4,070000	1,013885E+2
4,075000	1,013592E+2
4,080000	1,013312E+2
4,085000	1,014344E+2
4,090000	1,014064E+2
4,095000	1,013707E+2
4,100000	1,013007E+2
4,105000	1,013414E+2
4,110000	1,013911E+2
4,115000	1,014038E+2
4,120000	1,014458E+2
4,125000	1,014522E+2
4,130000	1,013656E+2
4,135000	1,014089E+2
4,140000	1,013783E+2
4,145000	1,014649E+2
4,150000	1,013911E+2
4,155000	1,013274E+2
4,160000	1,013541E+2
4,165000	1,013898E+2
4,170000	1,014458E+2
4,175000	1,014433E+2
4,180000	1,013796E+2
4,185000	1,013669E+2
4,190000	1,013210E+2
4,195000	1,013070E+2
4,200000	1,013172E+2
4,205000	1,013885E+2
4,210000	1,013974E+2
4,215000	1,014522E+2
4,220000	1,013949E+2
4,225000	1,013491E+2
4,230000	1,013440E+2
4,235000	1,013796E+2
4,240000	1,013847E+2
4,245000	1,014318E+2
4,250000	1,014738E+2
4,255000	1,013783E+2
4,260000	1,013452E+2
4,265000	1,013440E+2
4,270000	1,013949E+2
4,275000	1,014382E+2
4,280000	1,014280E+2
4,285000	1,013783E+2
4,290000	1,013223E+2
4,295000	1,013631E+2
4,300000	1,014165E+2
4,305000	1,014649E+2
4,310000	1,014560E+2
4,315000	1,013949E+2
4,320000	1,013338E+2
4,325000	1,013427E+2
4,330000	1,013834E+2
4,335000	1,014547E+2
4,340000	1,014331E+2
4,345000	1,013440E+2
4,350000	1,014191E+2
4,355000	1,014509E+2
4,360000	1,013771E+2
4,365000	1,013338E+2
4,370000	1,013669E+2
4,375000	1,014331E+2
4,380000	1,014611E+2
4,385000	1,014051E+2
4,390000	1,013860E+2
4,395000	1,013911E+2
4,400000	1,013223E+2
4,405000	1,013147E+2
4,410000	1,013236E+2
4,415000	1,013058E+2
4,420000	1,013147E+2
4,425000	1,013860E+2
4,430000	1,014522E+2
4,435000	1,013949E+2
4,440000	1,013516E+2
4,445000	1,013567E+2
4,450000	1,014662E+2
4,455000	1,013427E+2
4,460000	1,013070E+2
4,465000	1,013911E+2
4,470000	1,014840E+2
4,475000	1,014165E+2
4,480000	1,013694E+2
4,485000	1,013159E+2
4,490000	1,013312E+2
4,495000	1,013847E+2
4,500000	1,014484E+2
4,505000	1,014204E+2
4,510000	1,013427E+2
4,515000	1,014153E+2
4,520000	1,013452E+2
4,525000	1,014395E+2
4,530000	1,014038E+2
4,535000	1,013389E+2
4,540000	1,013656E+2
4,545000	1,014102E+2
4,550000	1,014293E+2
4,555000	1,013401E+2
4,560000	1,013554E+2
4,565000	1,013974E+2
4,570000	1,014484E+2
4,575000	1,014573E+2
4,580000	1,014140E+2
4,585000	1,013503E+2
4,590000	1,013529E+2
4,595000	1,014242E+2
4,600000	1,013694E+2
4,605000	1,014000E+2
4,610000	1,013045E+2
4,615000	1,013541E+2
4,620000	1,014025E+2
4,625000	1,014293E+2
4,630000	1,013529E+2
4,635000	1,014191E+2
4,640000	1,014318E+2
4,645000	1,013682E+2
4,650000	1,014573E+2
4,655000	1,013478E+2
4,660000	1,013898E+2
4,665000	1,014547E+2
4,670000	1,013885E+2
4,675000	1,013109E+2
4,680000	1,014025E+2
4,685000	1,014522E+2
4,690000	1,013567E+2
4,695000	1,013516E+2
4,700000	1,013987E+2
4,705000	1,014420E+2
4,710000	1,013923E+2
4,715000	1,013236E+2
4,720000	1,013732E+2
4,725000	1,014318E+2
4,730000	1,013363E+2
4,735000	1,013223E+2
4,740000	1,013987E+2
4,745000	1,014547E+2
4,750000	1,013694E+2
4,755000	1,013389E+2
4,760000	1,014445E+2
4,765000	1,014051E+2
4,770000	1,013172E+2
4,775000	1,014114E+2
4,780000	1,014178E+2
4,785000	1,013605E+2
4,790000	1,013338E+2
4,795000	1,014051E+2
4,800000	1,014636E+2
4,805000	1,014318E+2
4,810000	1,013516E+2
4,815000	1,013682E+2
4,820000	1,014509E+2
4,825000	1,013783E+2
4,830000	1,013541E+2
4,835000	1,014153E+2
4,840000	1,014204E+2
4,845000	1,013465E+2
4,850000	1,013873E+2
4,855000	1,014280E+2
4,860000	1,013210E+2
4,865000	1,014076E+2
4,870000	1,014318E+2
4,875000	1,013363E+2
4,880000	1,014445E+2
4,885000	1,014178E+2
4,890000	1,013554E+2
4,895000	1,013427E+2
4,900000	1,014280E+2
4,905000	1,013605E+2
4,910000	1,013618E+2
4,915000	1,014293E+2
4,920000	1,014611E+2
4,925000	1,013962E+2
4,930000	1,013682E+2
4,935000	1,013134E+2
4,940000	1,013465E+2
4,945000	1,013911E+2
4,950000	1,014560E+2
4,955000	1,014420E+2
4,960000	1,013516E+2
4,965000	1,013274E+2
4,970000	1,013936E+2
4,975000	1,014242E+2
4,980000	1,014573E+2
4,985000	1,014700E+2
4,990000	1,014051E+2
4,995000	1,013720E+2
5,000000	1,013223E+2
5,005000	1,013236E+2
5,010000	1,013682E+2
5,015000	1,013962E+2
5,020000	1,014153E+2
5,025000	1,013503E+2
5,030000	1,014331E+2
5,035000	1,014496E+2
5,040000	1,013974E+2
5,045000	1,013503E+2
5,050000	1,013567E+2
5,055000	1,014318E+2
5,060000	1,014127E+2
5,065000	1,013478E+2
5,070000	1,013911E+2
5,075000	1,014178E+2
5,080000	1,013159E+2
5,085000	1,014000E+2
5,090000	1,014535E+2
5,095000	1,013440E+2
5,100000	1,013414E+2
5,105000	1,014293E+2
5,110000	1,014000E+2
5,115000	1,013541E+2
5,120000	1,014356E+2
5,125000	1,013503E+2
5,130000	1,013936E+2
5,135000	1,014445E+2
5,140000	1,013529E+2
5,145000	1,013440E+2
5,150000	1,014458E+2
5,155000	1,013236E+2
5,160000	1,013541E+2
5,165000	1,014395E+2
5,170000	1,013529E+2
5,175000	1,013554E+2
5,180000	1,014458E+2
5,185000	1,014114E+2
5,190000	1,013707E+2
5,195000	1,013300E+2
5,200000	1,013974E+2
5,205000	1,014254E+2
5,210000	1,013325E+2
5,215000	1,014280E+2
5,220000	1,014013E+2
5,225000	1,013312E+2
5,230000	1,013809E+2
5,235000	1,014382E+2
5,240000	1,013796E+2
5,245000	1,013147E+2
5,250000	1,013974E+2
5,255000	1,014407E+2
5,260000	1,013618E+2
5,265000	1,013503E+2
5,270000	1,014267E+2
5,275000	1,014000E+2
5,280000	1,013312E+2
5,285000	1,014420E+2
5,290000	1,013592E+2
5,295000	1,014216E+2
5,300000	1,013350E+2
5,305000	1,013949E+2
5,310000	1,014216E+2
5,315000	1,013440E+2
5,320000	1,014254E+2
5,325000	1,014000E+2
5,330000	1,013503E+2
5,335000	1,013707E+2
5,340000	1,014356E+2
5,345000	1,013631E+2
5,350000	1,014025E+2
5,355000	1,013605E+2
5,360000	1,014127E+2
5,365000	1,013503E+2
5,370000	1,014547E+2
5,375000	1,013974E+2
5,380000	1,013312E+2
5,385000	1,014038E+2
5,390000	1,014764E+2
5,395000	1,013911E+2
5,400000	1,013185E+2
5,405000	1,014038E+2
5,410000	1,014713E+2
5,415000	1,013911E+2
5,420000	1,013682E+2
5,425000	1,014751E+2
5,430000	1,014025E+2
5,435000	1,013134E+2
5,440000	1,013898E+2
5,445000	1,014153E+2
5,450000	1,013389E+2
5,455000	1,013873E+2
5,460000	1,014318E+2
5,465000	1,013325E+2
5,470000	1,013783E+2
5,475000	1,013911E+2
5,480000	1,013949E+2
5,485000	1,013567E+2
5,490000	1,013720E+2
5,495000	1,014395E+2
5,500000	1,013491E+2
5,505000	1,013643E+2
5,510000	1,014484E+2
5,515000	1,013987E+2
5,520000	1,013261E+2
5,525000	1,014114E+2
5,530000	1,014751E+2
5,535000	1,014242E+2
5,540000	1,013350E+2
5,545000	1,013592E+2
5,550000	1,014484E+2
5,555000	1,013440E+2
5,560000	1,013643E+2
5,565000	1,014318E+2
5,570000	1,013249E+2
5,575000	1,014051E+2
5,580000	1,014229E+2
5,585000	1,013401E+2
5,590000	1,014064E+2
5,595000	1,014280E+2
5,600000	1,013325E+2
5,605000	1,013491E+2
5,610000	1,014433E+2
5,615000	1,014127E+2
5,620000	1,013503E+2
5,625000	1,014433E+2
5,630000	1,013287E+2
5,635000	1,013923E+2
5,640000	1,014013E+2
5,645000	1,013363E+2
5,650000	1,014356E+2
5,655000	1,013376E+2
5,660000	1,013962E+2
5,665000	1,014025E+2
5,670000	1,014076E+2
5,675000	1,013923E+2
5,680000	1,013312E+2
5,685000	1,014153E+2
5,690000	1,014344E+2
5,695000	1,013300E+2
5,700000	1,013503E+2
5,705000	1,014382E+2
5,710000	1,013618E+2
5,715000	1,013401E+2
5,720000	1,014395E+2
5,725000	1,013860E+2
5,730000	1,013618E+2
5,735000	1,014267E+2
5,740000	1,013465E+2
5,745000	1,014318E+2
5,750000	1,013669E+2
5,755000	1,013643E+2
5,760000	1,014560E+2
5,765000	1,013720E+2
5,770000	1,013809E+2
5,775000	1,014076E+2
5,780000	1,013376E+2
5,785000	1,014395E+2
5,790000	1,013465E+2
5,795000	1,014229E+2
5,800000	1,013414E+2
5,805000	1,014305E+2
5,810000	1,013592E+2
5,815000	1,014038E+2
5,820000	1,013643E+2
5,825000	1,014433E+2
5,830000	1,014000E+2
5,835000	1,013809E+2
5,840000	1,013261E+2
5,845000	1,014229E+2
5,850000	1,013516E+2
5,855000	1,014242E+2
5,860000	1,013376E+2
5,865000	1,013962E+2
5,870000	1,014573E+2
5,875000	1,013873E+2
5,880000	1,013414E+2
5,885000	1,014395E+2
5,890000	1,013491E+2
5,895000	1,014153E+2
5,900000	1,013936E+2
5,905000	1,013147E+2
5,910000	1,014242E+2
5,915000	1,013516E+2
5,920000	1,014204E+2
5,925000	1,013605E+2
5,930000	1,014153E+2
5,935000	1,013707E+2
5,940000	1,013631E+2
5,945000	1,014191E+2
5,950000	1,013554E+2
5,955000	1,013911E+2
5,960000	1,013809E+2
5,965000	1,013873E+2
5,970000	1,014140E+2
5,975000	1,013287E+2
5,980000	1,013720E+2
5,985000	1,014598E+2
5,990000	1,013720E+2
5,995000	1,013694E+2
6,000000	1,013898E+2
6,005000	1,013974E+2
6,010000	1,013783E+2
6,015000	1,013771E+2
6,020000	1,014369E+2
6,025000	1,013401E+2
6,030000	1,014331E+2
6,035000	1,014114E+2
6,040000	1,013414E+2
6,045000	1,014305E+2
6,050000	1,013363E+2
6,055000	1,014191E+2
6,060000	1,014305E+2
6,065000	1,013452E+2
6,070000	1,014356E+2
6,075000	1,013465E+2
6,080000	1,014318E+2
6,085000	1,013592E+2
6,090000	1,013911E+2
6,095000	1,014242E+2
6,100000	1,013427E+2
6,105000	1,014051E+2
6,110000	1,013771E+2
6,115000	1,014216E+2
6,120000	1,013223E+2
6,125000	1,013911E+2
6,130000	1,013974E+2
6,135000	1,013809E+2
6,140000	1,013847E+2
6,145000	1,014178E+2
6,150000	1,013694E+2
6,155000	1,013389E+2
6,160000	1,014191E+2
6,165000	1,013732E+2
6,170000	1,014089E+2
6,175000	1,013796E+2
6,180000	1,013771E+2
6,185000	1,014204E+2
6,190000	1,013580E+2
6,195000	1,014153E+2
6,200000	1,013312E+2
6,205000	1,014293E+2
6,210000	1,013758E+2
6,215000	1,014064E+2
6,220000	1,013338E+2
6,225000	1,014293E+2
6,230000	1,014025E+2
6,235000	1,013287E+2
6,240000	1,014344E+2
6,245000	1,013682E+2
6,250000	1,013771E+2
6,255000	1,014318E+2
6,260000	1,013401E+2
6,265000	1,014204E+2
6,270000	1,014178E+2
6,275000	1,013210E+2
6,280000	1,014102E+2
6,285000	1,014344E+2
6,290000	1,013694E+2
6,295000	1,013223E+2
6,300000	1,013873E+2
6,305000	1,014395E+2
6,310000	1,013503E+2
6,315000	1,013631E+2
6,320000	1,014165E+2
6,325000	1,013236E+2
6,330000	1,013949E+2
6,335000	1,014369E+2
6,340000	1,013732E+2
6,345000	1,013325E+2
6,350000	1,014395E+2
6,355000	1,013822E+2
6,360000	1,013058E+2
6,365000	1,013847E+2
6,370000	1,014395E+2
6,375000	1,013376E+2
6,380000	1,013860E+2
6,385000	1,014369E+2
6,390000	1,013465E+2
6,395000	1,013682E+2
6,400000	1,014356E+2
6,405000	1,013694E+2
6,410000	1,013478E+2
6,415000	1,014382E+2
6,420000	1,013682E+2
6,425000	1,013529E+2
6,430000	1,014331E+2
6,435000	1,013503E+2
6,440000	1,013541E+2
6,445000	1,014586E+2
6,450000	1,013860E+2
6,455000	1,013045E+2
6,460000	1,013682E+2
6,465000	1,014382E+2
6,470000	1,014344E+2
6,475000	1,013414E+2
6,480000	1,013058E+2
6,485000	1,013427E+2
6,490000	1,014089E+2
6,495000	1,014535E+2
6,500000	1,013758E+2
6,505000	1,013185E+2
6,510000	1,013911E+2
6,515000	1,014560E+2
6,520000	1,013758E+2
6,525000	1,013389E+2
6,530000	1,013758E+2
6,535000	1,014547E+2
6,540000	1,013669E+2
6,545000	1,013249E+2
6,550000	1,014076E+2
6,555000	1,014216E+2
6,560000	1,013159E+2
6,565000	1,013923E+2
6,570000	1,014242E+2
6,575000	1,013249E+2
6,580000	1,014114E+2
6,585000	1,014102E+2
6,590000	1,013732E+2
6,595000	1,013656E+2
6,600000	1,014165E+2
6,605000	1,013376E+2
6,610000	1,013873E+2
6,615000	1,014484E+2
6,620000	1,013465E+2
6,625000	1,013491E+2
6,630000	1,014496E+2
6,635000	1,013758E+2
6,640000	1,013465E+2
6,645000	1,014076E+2
6,650000	1,014064E+2
6,655000	1,013771E+2
6,660000	1,013452E+2
6,665000	1,014038E+2
6,670000	1,013962E+2
6,675000	1,013898E+2
6,680000	1,013694E+2
6,685000	1,013822E+2
6,690000	1,013796E+2
6,695000	1,014102E+2
6,700000	1,013401E+2
6,705000	1,014369E+2
6,710000	1,013554E+2
6,715000	1,013809E+2
6,720000	1,013974E+2
6,725000	1,013363E+2
6,730000	1,014242E+2
6,735000	1,013389E+2
6,740000	1,014216E+2
6,745000	1,013580E+2
6,750000	1,013962E+2
6,755000	1,013809E+2
6,760000	1,013580E+2
6,765000	1,014407E+2
6,770000	1,014000E+2
6,775000	1,013185E+2
6,780000	1,013949E+2
6,785000	1,014216E+2
6,790000	1,013389E+2
6,795000	1,014191E+2
6,800000	1,013656E+2
6,805000	1,013847E+2
6,810000	1,014242E+2
6,815000	1,013312E+2
6,820000	1,013834E+2
6,825000	1,013567E+2
6,830000	1,014598E+2
6,835000	1,013516E+2
6,840000	1,013682E+2
6,845000	1,014229E+2
6,850000	1,013389E+2
6,855000	1,014051E+2
6,860000	1,014089E+2
6,865000	1,013605E+2
6,870000	1,014471E+2
6,875000	1,014038E+2
6,880000	1,013236E+2
6,885000	1,014242E+2
6,890000	1,014000E+2
6,895000	1,013541E+2
6,900000	1,014445E+2
6,905000	1,013669E+2
6,910000	1,013516E+2
6,915000	1,014242E+2
6,920000	1,013682E+2
6,925000	1,013363E+2
6,930000	1,014509E+2
6,935000	1,014051E+2
6,940000	1,013376E+2
6,945000	1,014407E+2
6,950000	1,013707E+2
6,955000	1,013389E+2
6,960000	1,014204E+2
6,965000	1,013567E+2
6,970000	1,014445E+2
6,975000	1,013503E+2
6,980000	1,013949E+2
6,985000	1,013923E+2
6,990000	1,014013E+2
6,995000	1,013682E+2
7,000000	1,013860E+2
7,005000	1,014267E+2
7,010000	1,013491E+2
7,015000	1,014204E+2
7,020000	1,013427E+2
7,025000	1,014395E+2
7,030000	1,013478E+2
7,035000	1,014165E+2
7,040000	1,013440E+2
7,045000	1,014191E+2
7,050000	1,013491E+2
7,055000	1,013873E+2
7,060000	1,013809E+2
7,065000	1,013936E+2
7,070000	1,013732E+2
7,075000	1,014356E+2
7,080000	1,013401E+2
7,085000	1,013911E+2
7,090000	1,014038E+2
7,095000	1,013452E+2
7,100000	1,014305E+2
7,105000	1,013516E+2
7,110000	1,014038E+2
7,115000	1,013847E+2
7,120000	1,013541E+2
7,125000	1,014216E+2
7,130000	1,013618E+2
7,135000	1,014216E+2
7,140000	1,013465E+2
7,145000	1,014204E+2
7,150000	1,013440E+2
7,155000	1,014076E+2
7,160000	1,013605E+2
7,165000	1,013834E+2
7,170000	1,014064E+2
7,175000	1,013949E+2
7,180000	1,013567E+2
7,185000	1,014254E+2
7,190000	1,013478E+2
7,195000	1,014038E+2
7,200000	1,013274E+2
7,205000	1,014293E+2
7,210000	1,013631E+2
7,215000	1,014216E+2
7,220000	1,013503E+2
7,225000	1,014000E+2
7,230000	1,014153E+2
7,235000	1,013300E+2
7,240000	1,014242E+2
7,245000	1,013478E+2
7,250000	1,014267E+2
7,255000	1,013860E+2
7,260000	1,013580E+2
7,265000	1,014013E+2
7,270000	1,013847E+2
7,275000	1,013809E+2
7,280000	1,013325E+2
7,285000	1,014344E+2
7,290000	1,013376E+2
7,295000	1,014102E+2
7,300000	1,013656E+2
7,305000	1,013873E+2
7,310000	1,014013E+2
7,315000	1,013987E+2
7,320000	1,013605E+2
7,325000	1,014089E+2
7,330000	1,013949E+2
7,335000	1,013210E+2
7,340000	1,013758E+2
7,345000	1,014216E+2
7,350000	1,014242E+2
7,355000	1,013249E+2
7,360000	1,014242E+2
7,365000	1,013758E+2
7,370000	1,013796E+2
7,375000	1,014496E+2
7,380000	1,013529E+2
7,385000	1,014013E+2
7,390000	1,013656E+2
7,395000	1,014382E+2
7,400000	1,013669E+2
7,405000	1,013567E+2
7,410000	1,014496E+2
7,415000	1,013414E+2
7,420000	1,013758E+2
7,425000	1,014305E+2
7,430000	1,013503E+2
7,435000	1,014344E+2
7,440000	1,013694E+2
7,445000	1,013414E+2
7,450000	1,014420E+2
7,455000	1,013847E+2
7,460000	1,013401E+2
7,465000	1,014484E+2
7,470000	1,013885E+2
7,475000	1,013300E+2
7,480000	1,014076E+2
7,485000	1,013911E+2
7,490000	1,013401E+2
7,495000	1,013682E+2
7,500000	1,014127E+2
7,505000	1,013771E+2
7,510000	1,013554E+2
7,515000	1,014305E+2
7,520000	1,014254E+2
7,525000	1,013554E+2
7,530000	1,013873E+2
7,535000	1,014305E+2
7,540000	1,013427E+2
7,545000	1,013745E+2
7,550000	1,014547E+2
7,555000	1,013911E+2
7,560000	1,013312E+2
7,565000	1,014140E+2
7,570000	1,013580E+2
7,575000	1,013541E+2
7,580000	1,014522E+2
7,585000	1,014064E+2
7,590000	1,013325E+2
7,595000	1,014165E+2
7,600000	1,014535E+2
7,605000	1,013618E+2
7,610000	1,014140E+2
7,615000	1,013758E+2
7,620000	1,013860E+2
7,625000	1,013631E+2
7,630000	1,014178E+2
7,635000	1,013172E+2
7,640000	1,013885E+2
7,645000	1,014522E+2
7,650000	1,013732E+2
7,655000	1,013249E+2
7,660000	1,013822E+2
7,665000	1,014064E+2
7,670000	1,013796E+2
7,675000	1,013796E+2
7,680000	1,013529E+2
7,685000	1,014267E+2
7,690000	1,013605E+2
7,695000	1,013070E+2
7,700000	1,013809E+2
7,705000	1,014547E+2
7,710000	1,013554E+2
7,715000	1,014102E+2
7,720000	1,013720E+2
7,725000	1,013732E+2
7,730000	1,014356E+2
7,735000	1,013261E+2
7,740000	1,014102E+2
7,745000	1,013682E+2
7,750000	1,014127E+2
7,755000	1,014204E+2
7,760000	1,013350E+2
7,765000	1,014420E+2
7,770000	1,013745E+2
7,775000	1,013758E+2
7,780000	1,014089E+2
7,785000	1,014025E+2
7,790000	1,013503E+2
7,795000	1,014356E+2
7,800000	1,013261E+2
7,805000	1,014153E+2
7,810000	1,014331E+2
7,815000	1,013389E+2
7,820000	1,014254E+2
7,825000	1,013873E+2
7,830000	1,013210E+2
7,835000	1,014013E+2
7,840000	1,014051E+2
7,845000	1,013401E+2
7,850000	1,013962E+2
7,855000	1,014153E+2
7,860000	1,013134E+2
7,865000	1,013669E+2
7,870000	1,014458E+2
7,875000	1,013503E+2
7,880000	1,013631E+2
7,885000	1,014445E+2
7,890000	1,013452E+2
7,895000	1,013567E+2
7,900000	1,014344E+2
7,905000	1,014254E+2
7,910000	1,013452E+2
7,915000	1,014013E+2
7,920000	1,014025E+2
7,925000	1,013249E+2
7,930000	1,014356E+2
7,935000	1,013376E+2
7,940000	1,014229E+2
7,945000	1,013732E+2
7,950000	1,013669E+2
7,955000	1,014318E+2
7,960000	1,013427E+2
7,965000	1,014331E+2
7,970000	1,013491E+2
7,975000	1,013847E+2
7,980000	1,014318E+2
7,985000	1,013350E+2
7,990000	1,013936E+2
7,995000	1,014025E+2
8,000000	1,013287E+2
8,005000	1,014407E+2
8,010000	1,013809E+2
8,015000	1,013452E+2
8,020000	1,014191E+2
8,025000	1,013643E+2
8,030000	1,013567E+2
8,035000	1,014369E+2
8,040000	1,013656E+2
8,045000	1,013707E+2
8,050000	1,014395E+2
8,055000	1,013478E+2
8,060000	1,014191E+2
8,065000	1,013491E+2
8,070000	1,014344E+2
8,075000	1,013465E+2
8,080000	1,014165E+2
8,085000	1,013516E+2
8,090000	1,014242E+2
8,095000	1,013325E+2
8,100000	1,014216E+2
8,105000	1,013478E+2
8,110000	1,014331E+2
8,115000	1,013465E+2
8,120000	1,014191E+2
8,125000	1,013873E+2
8,130000	1,013911E+2
8,135000	1,013949E+2
8,140000	1,013822E+2
8,145000	1,014242E+2
8,150000	1,013440E+2
8,155000	1,014153E+2
8,160000	1,013376E+2
8,165000	1,014165E+2
8,170000	1,013580E+2
8,175000	1,013898E+2
8,180000	1,013580E+2
8,185000	1,013936E+2
8,190000	1,014089E+2
8,195000	1,013554E+2
8,200000	1,013898E+2
8,205000	1,013898E+2
8,210000	1,013669E+2
8,215000	1,013885E+2
8,220000	1,013771E+2
8,225000	1,013885E+2
8,230000	1,013809E+2
8,235000	1,013618E+2
8,240000	1,014013E+2
8,245000	1,013949E+2
8,250000	1,013529E+2
8,255000	1,014254E+2
8,260000	1,013491E+2
8,265000	1,014293E+2
8,270000	1,013478E+2
8,275000	1,014204E+2
8,280000	1,013491E+2
8,285000	1,013669E+2
8,290000	1,014318E+2
8,295000	1,013300E+2
8,300000	1,013758E+2
8,305000	1,014420E+2
8,310000	1,013249E+2
8,315000	1,014025E+2
8,320000	1,014051E+2
8,325000	1,013312E+2
8,330000	1,014267E+2
8,335000	1,014038E+2
8,340000	1,013236E+2
8,345000	1,014204E+2
8,350000	1,014242E+2
8,355000	1,013312E+2
8,360000	1,014254E+2
8,365000	1,014013E+2
8,370000	1,013312E+2
8,375000	1,013822E+2
8,380000	1,013911E+2
8,385000	1,013580E+2
8,390000	1,014484E+2
8,395000	1,013847E+2
8,400000	1,013070E+2
8,405000	1,014000E+2
8,410000	1,014484E+2
8,415000	1,013529E+2
8,420000	1,012968E+2
8,425000	1,013503E+2
8,430000	1,014165E+2
8,435000	1,014547E+2
8,440000	1,013974E+2
8,445000	1,013516E+2
8,450000	1,013936E+2
8,455000	1,013631E+2
8,460000	1,013860E+2
8,465000	1,014624E+2
8,470000	1,013974E+2
8,475000	1,013440E+2
8,480000	1,013109E+2
8,485000	1,014076E+2
8,490000	1,014000E+2
8,495000	1,013643E+2
8,500000	1,013720E+2
8,505000	1,014140E+2
8,510000	1,013923E+2
8,515000	1,014216E+2
8,520000	1,013694E+2
8,525000	1,014547E+2
8,530000	1,013923E+2
8,535000	1,013134E+2
8,540000	1,013580E+2
8,545000	1,014369E+2
8,550000	1,013860E+2
8,555000	1,013427E+2
8,560000	1,014229E+2
8,565000	1,013669E+2
8,570000	1,013656E+2
8,575000	1,014229E+2
8,580000	1,013478E+2
8,585000	1,013694E+2
8,590000	1,014573E+2
8,595000	1,013873E+2
8,600000	1,013045E+2
8,605000	1,013771E+2
8,610000	1,014407E+2
8,615000	1,013771E+2
8,620000	1,013058E+2
8,625000	1,013847E+2
8,630000	1,014598E+2
8,635000	1,013796E+2
8,640000	1,013058E+2
8,645000	1,013885E+2
8,650000	1,014496E+2
8,655000	1,013274E+2
8,660000	1,013389E+2
8,665000	1,014420E+2
8,670000	1,013541E+2
8,675000	1,013554E+2
8,680000	1,013834E+2
8,685000	1,014573E+2
8,690000	1,013885E+2
8,695000	1,013121E+2
8,700000	1,013962E+2
8,705000	1,014344E+2
8,710000	1,013300E+2
8,715000	1,013834E+2
8,720000	1,014254E+2
8,725000	1,013478E+2
8,730000	1,014000E+2
8,735000	1,013491E+2
8,740000	1,014395E+2
8,745000	1,013758E+2
8,750000	1,013847E+2
8,755000	1,014395E+2
8,760000	1,013376E+2
8,765000	1,013529E+2
8,770000	1,014305E+2
8,775000	1,013198E+2
8,780000	1,014051E+2
8,785000	1,013541E+2
8,790000	1,013987E+2
8,795000	1,013796E+2
8,800000	1,014064E+2
8,805000	1,013541E+2
8,810000	1,014305E+2
8,815000	1,013529E+2
8,820000	1,014051E+2
8,825000	1,013618E+2
8,830000	1,014140E+2
8,835000	1,013860E+2
8,840000	1,013618E+2
8,845000	1,014254E+2
8,850000	1,013631E+2
8,855000	1,014204E+2
8,860000	1,013554E+2
8,865000	1,013987E+2
8,870000	1,014064E+2
8,875000	1,013758E+2
8,880000	1,013694E+2
8,885000	1,013809E+2
8,890000	1,014000E+2
8,895000	1,013911E+2
8,900000	1,014038E+2
8,905000	1,013580E+2
8,910000	1,014293E+2
8,915000	1,013198E+2
8,920000	1,014076E+2
8,925000	1,014140E+2
8,930000	1,013554E+2
8,935000	1,014178E+2
8,940000	1,013427E+2
8,945000	1,014229E+2
8,950000	1,013541E+2
8,955000	1,013771E+2
8,960000	1,013860E+2
8,965000	1,013783E+2
8,970000	1,014013E+2
8,975000	1,013465E+2
8,980000	1,014420E+2
8,985000	1,013465E+2
8,990000	1,014102E+2
8,995000	1,013834E+2
9,000000	1,013605E+2
9,005000	1,013898E+2
9,010000	1,013923E+2
9,015000	1,013554E+2
9,020000	1,014114E+2
9,025000	1,013541E+2
9,030000	1,014165E+2
9,035000	1,013414E+2
9,040000	1,014191E+2
9,045000	1,013478E+2
9,050000	1,014165E+2
9,055000	1,013580E+2
9,060000	1,014051E+2
9,065000	1,013783E+2
9,070000	1,013656E+2
9,075000	1,014127E+2
9,080000	1,013427E+2
9,085000	1,014165E+2
9,090000	1,013669E+2
9,095000	1,013834E+2
9,100000	1,013516E+2
9,105000	1,014229E+2
9,110000	1,013580E+2
9,115000	1,013898E+2
9,120000	1,013962E+2
9,125000	1,013987E+2
9,130000	1,013809E+2
9,135000	1,013796E+2
9,140000	1,013873E+2
9,145000	1,013452E+2
9,150000	1,014280E+2
9,155000	1,013643E+2
9,160000	1,014331E+2
9,165000	1,013440E+2
9,170000	1,013860E+2
9,175000	1,014445E+2
9,180000	1,013592E+2
9,185000	1,014254E+2
9,190000	1,013720E+2
9,195000	1,013427E+2
9,200000	1,014191E+2
9,205000	1,013580E+2
9,210000	1,014356E+2
9,215000	1,013350E+2
9,220000	1,014204E+2
9,225000	1,013478E+2
9,230000	1,014344E+2
9,235000	1,013401E+2
9,240000	1,014089E+2
9,245000	1,013618E+2
9,250000	1,014127E+2
9,255000	1,013643E+2
9,260000	1,013796E+2
9,265000	1,014114E+2
9,270000	1,013516E+2
9,275000	1,014064E+2
9,280000	1,013936E+2
9,285000	1,013592E+2
9,290000	1,014254E+2
9,295000	1,013414E+2
9,300000	1,014267E+2
9,305000	1,013491E+2
9,310000	1,013911E+2
9,315000	1,014038E+2
9,320000	1,013529E+2
9,325000	1,014305E+2
9,330000	1,013350E+2
9,335000	1,014064E+2
9,340000	1,013949E+2
9,345000	1,013350E+2
9,350000	1,014267E+2
9,355000	1,013478E+2
9,360000	1,013516E+2
9,365000	1,014382E+2
9,370000	1,013516E+2
9,375000	1,013847E+2
9,380000	1,014178E+2
9,385000	1,013580E+2
9,390000	1,014064E+2
9,395000	1,013783E+2
9,400000	1,014000E+2
9,405000	1,013631E+2
9,410000	1,014420E+2
9,415000	1,013656E+2
9,420000	1,013465E+2
9,425000	1,014522E+2
9,430000	1,013580E+2
9,435000	1,013707E+2
9,440000	1,014064E+2
9,445000	1,013516E+2
9,450000	1,014344E+2
9,455000	1,014216E+2
9,460000	1,013249E+2
9,465000	1,013822E+2
9,470000	1,014191E+2
9,475000	1,013325E+2
9,480000	1,014140E+2
9,485000	1,013618E+2
9,490000	1,014204E+2
9,495000	1,013465E+2
9,500000	1,014165E+2
9,505000	1,013554E+2
9,510000	1,014280E+2
9,515000	1,013529E+2
9,520000	1,014254E+2
9,525000	1,013592E+2
9,530000	1,013885E+2
9,535000	1,013452E+2
9,540000	1,014191E+2
9,545000	1,013287E+2
9,550000	1,014191E+2
9,555000	1,013732E+2
9,560000	1,013541E+2
9,565000	1,014344E+2
9,570000	1,013389E+2
9,575000	1,013796E+2
9,580000	1,014267E+2
9,585000	1,013452E+2
9,590000	1,014356E+2
9,595000	1,013414E+2
9,600000	1,014267E+2
9,605000	1,013682E+2
9,610000	1,014025E+2
9,615000	1,013758E+2
9,620000	1,013592E+2
9,625000	1,014369E+2
9,630000	1,013401E+2
9,635000	1,014356E+2
9,640000	1,013732E+2
9,645000	1,013911E+2
9,650000	1,014064E+2
9,655000	1,013592E+2
9,660000	1,014242E+2
9,665000	1,013516E+2
9,670000	1,014586E+2
9,675000	1,013656E+2
9,680000	1,013873E+2
9,685000	1,013618E+2
9,690000	1,014216E+2
9,695000	1,013758E+2
9,700000	1,013822E+2
9,705000	1,013783E+2
9,710000	1,013834E+2
9,715000	1,013605E+2
9,720000	1,013860E+2
9,725000	1,013860E+2
9,730000	1,014038E+2
9,735000	1,013834E+2
9,740000	1,014076E+2
9,745000	1,013452E+2
9,750000	1,014305E+2
9,755000	1,014127E+2
9,760000	1,013363E+2
9,765000	1,014344E+2
9,770000	1,013363E+2
9,775000	1,014216E+2
9,780000	1,013440E+2
9,785000	1,014318E+2
9,790000	1,013669E+2
9,795000	1,013554E+2
9,800000	1,014204E+2
9,805000	1,013401E+2
9,810000	1,014038E+2
9,815000	1,013962E+2
9,820000	1,013223E+2
9,825000	1,014331E+2
9,830000	1,013885E+2
9,835000	1,013541E+2
9,840000	1,014025E+2
9,845000	1,014102E+2
9,850000	1,013834E+2
9,855000	1,013007E+2
9,860000	1,014013E+2
9,865000	1,014280E+2
9,870000	1,013465E+2
9,875000	1,013643E+2
9,880000	1,014102E+2
9,885000	1,013427E+2
9,890000	1,014382E+2
9,895000	1,013682E+2
9,900000	1,013567E+2
9,905000	1,014165E+2
9,910000	1,013491E+2
9,915000	1,014153E+2
9,920000	1,013401E+2
9,925000	1,014178E+2
9,930000	1,014509E+2
9,935000	1,013465E+2
9,940000	1,013796E+2
9,945000	1,014318E+2
9,950000	1,013440E+2
9,955000	1,014178E+2
9,960000	1,014089E+2
9,965000	1,013414E+2
9,970000	1,014484E+2
9,975000	1,013465E+2
9,980000	1,014000E+2
9,985000	1,014153E+2
9,990000	1,013198E+2
9,995000	1,014153E+2
10,000000	1,013312E+2
10,005000	1,014229E+2
10,010000	1,013427E+2
10,015000	1,013809E+2
10,020000	1,014127E+2
10,025000	1,013376E+2
10,030000	1,014407E+2
10,035000	1,013376E+2
10,040000	1,013809E+2
10,045000	1,014165E+2
10,050000	1,013554E+2
10,055000	1,014305E+2
10,060000	1,013325E+2
10,065000	1,014267E+2
10,070000	1,013516E+2
10,075000	1,013873E+2
10,080000	1,014318E+2
10,085000	1,013694E+2
10,090000	1,013822E+2
10,095000	1,013796E+2
10,100000	1,013987E+2
10,105000	1,013478E+2
10,110000	1,014420E+2
10,115000	1,013440E+2
10,120000	1,014254E+2
10,125000	1,013567E+2
10,130000	1,014204E+2
10,135000	1,013643E+2
10,140000	1,013732E+2
10,145000	1,014051E+2
10,150000	1,013427E+2
10,155000	1,014153E+2
10,160000	1,013427E+2
10,165000	1,014229E+2
10,170000	1,014013E+2
10,175000	1,013389E+2
10,180000	1,013745E+2
10,185000	1,014267E+2
10,190000	1,013529E+2
10,195000	1,013592E+2
10,200000	1,014242E+2
10,205000	1,013503E+2
10,210000	1,014178E+2
10,215000	1,013465E+2
10,220000	1,013491E+2
10,225000	1,014484E+2
10,230000	1,013618E+2
10,235000	1,014140E+2
10,240000	1,013656E+2
10,245000	1,013885E+2
10,250000	1,013401E+2
10,255000	1,014114E+2
10,260000	1,013452E+2
10,265000	1,013974E+2
10,270000	1,014458E+2
10,275000	1,013338E+2
10,280000	1,014140E+2
10,285000	1,013541E+2
10,290000	1,013873E+2
10,295000	1,014344E+2
10,300000	1,013580E+2
10,305000	1,014254E+2
10,310000	1,013554E+2
10,315000	1,013796E+2
10,320000	1,013707E+2
10,325000	1,013796E+2
10,330000	1,013860E+2
10,335000	1,013974E+2
10,340000	1,013401E+2
10,345000	1,014356E+2
10,350000	1,013529E+2
10,355000	1,013873E+2
10,360000	1,013974E+2
10,365000	1,013516E+2
10,370000	1,014586E+2
10,375000	1,013822E+2
10,380000	1,013249E+2
10,385000	1,014178E+2
10,390000	1,014267E+2
10,395000	1,013491E+2
10,400000	1,013554E+2
10,405000	1,014369E+2
10,410000	1,013618E+2
10,415000	1,013312E+2
10,420000	1,014331E+2
10,425000	1,013847E+2
10,430000	1,013325E+2
10,435000	1,013796E+2
10,440000	1,014000E+2
10,445000	1,013885E+2
10,450000	1,013669E+2
10,455000	1,013771E+2
10,460000	1,013898E+2
10,465000	1,013720E+2
10,470000	1,013822E+2
10,475000	1,014216E+2
10,480000	1,013414E+2
10,485000	1,014051E+2
10,490000	1,014191E+2
10,495000	1,013440E+2
10,500000	1,013783E+2
10,505000	1,013898E+2
10,510000	1,014229E+2
10,515000	1,013822E+2
10,520000	1,013236E+2
10,525000	1,014089E+2
10,530000	1,014738E+2
10,535000	1,013885E+2
10,540000	1,013427E+2
10,545000	1,013516E+2
10,550000	1,014089E+2
10,555000	1,014369E+2
10,560000	1,013873E+2
10,565000	1,013096E+2
10,570000	1,013834E+2
10,575000	1,014509E+2
10,580000	1,013682E+2
10,585000	1,013669E+2
10,590000	1,014420E+2
10,595000	1,013873E+2
10,600000	1,013325E+2
10,605000	1,014305E+2
10,610000	1,014254E+2
10,615000	1,013414E+2
10,620000	1,013682E+2
10,625000	1,014369E+2
10,630000	1,013503E+2
10,635000	1,014000E+2
10,640000	1,014305E+2
10,645000	1,013592E+2
10,650000	1,013682E+2
10,655000	1,014471E+2
10,660000	1,013503E+2
10,665000	1,013312E+2
10,670000	1,014407E+2
10,675000	1,013503E+2
10,680000	1,013656E+2
10,685000	1,014433E+2
10,690000	1,013605E+2
10,695000	1,014369E+2
10,700000	1,013414E+2
10,705000	1,014127E+2
10,710000	1,013682E+2
10,715000	1,014038E+2
10,720000	1,013287E+2
10,725000	1,014140E+2
10,730000	1,014229E+2
10,735000	1,013516E+2
10,740000	1,013414E+2
10,745000	1,014318E+2
10,750000	1,013452E+2
10,755000	1,014216E+2
10,760000	1,013592E+2
10,765000	1,013732E+2
10,770000	1,014293E+2
10,775000	1,013159E+2
10,780000	1,014051E+2
10,785000	1,014331E+2
10,790000	1,013694E+2
10,795000	1,013019E+2
10,800000	1,013974E+2
10,805000	1,014433E+2
10,810000	1,013541E+2
10,815000	1,013401E+2
10,820000	1,014102E+2
10,825000	1,014547E+2
10,830000	1,013605E+2
10,835000	1,013427E+2
10,840000	1,014165E+2
10,845000	1,014178E+2
10,850000	1,013452E+2
10,855000	1,014114E+2
10,860000	1,013860E+2
10,865000	1,013491E+2
10,870000	1,013643E+2
10,875000	1,014216E+2
10,880000	1,013580E+2
10,885000	1,013172E+2
10,890000	1,013771E+2
10,895000	1,014395E+2
10,900000	1,014038E+2
10,905000	1,013771E+2
10,910000	1,013618E+2
10,915000	1,014229E+2
10,920000	1,013834E+2
10,925000	1,013261E+2
10,930000	1,013656E+2
10,935000	1,014293E+2
10,940000	1,014395E+2
10,945000	1,013796E+2
10,950000	1,013058E+2
10,955000	1,013185E+2
10,960000	1,013732E+2
10,965000	1,014153E+2
10,970000	1,014496E+2
10,975000	1,013834E+2
10,980000	1,013236E+2
10,985000	1,013847E+2
10,990000	1,014229E+2
10,995000	1,013376E+2
11,000000	1,014191E+2
11,005000	1,014178E+2
11,010000	1,013300E+2
11,015000	1,013058E+2
11,020000	1,013669E+2
11,025000	1,014331E+2
11,030000	1,013987E+2
11,035000	1,013605E+2
11,040000	1,012918E+2
11,045000	1,013962E+2
11,050000	1,014649E+2
11,055000	1,013669E+2
11,060000	1,013376E+2
11,065000	1,014445E+2
11,070000	1,014216E+2
11,075000	1,013261E+2
11,080000	1,013503E+2
11,085000	1,014484E+2
11,090000	1,014433E+2
11,095000	1,013452E+2
11,100000	1,013414E+2
11,105000	1,014153E+2
11,110000	1,014267E+2
11,115000	1,013312E+2
11,120000	1,013758E+2
11,125000	1,014509E+2
11,130000	1,013643E+2
11,135000	1,013452E+2
11,140000	1,014140E+2
11,145000	1,013363E+2
11,150000	1,013643E+2
11,155000	1,014280E+2
11,160000	1,013427E+2
11,165000	1,013656E+2
11,170000	1,014649E+2
11,175000	1,013860E+2
11,180000	1,013083E+2
11,185000	1,014191E+2
11,190000	1,014165E+2
11,195000	1,013300E+2
11,200000	1,014229E+2
11,205000	1,013745E+2
11,210000	1,013847E+2
11,215000	1,014305E+2
11,220000	1,013440E+2
11,225000	1,013771E+2
11,230000	1,014356E+2
11,235000	1,013198E+2
11,240000	1,014153E+2
11,245000	1,013682E+2
11,250000	1,014165E+2
11,255000	1,013898E+2
11,260000	1,013567E+2
11,265000	1,013682E+2
11,270000	1,014076E+2
11,275000	1,014395E+2
11,280000	1,013529E+2
11,285000	1,013707E+2
11,290000	1,014127E+2
11,295000	1,013796E+2
11,300000	1,013898E+2
11,305000	1,013223E+2
11,310000	1,014127E+2
11,315000	1,013261E+2
11,320000	1,014089E+2
11,325000	1,014089E+2
11,330000	1,013338E+2
11,335000	1,014204E+2
11,340000	1,014318E+2
11,345000	1,013363E+2
11,350000	1,014076E+2
11,355000	1,013401E+2
11,360000	1,013911E+2
11,365000	1,014293E+2
11,370000	1,013274E+2
11,375000	1,014242E+2
11,380000	1,014216E+2
11,385000	1,013376E+2
11,390000	1,014025E+2
11,395000	1,013898E+2
11,400000	1,013350E+2
11,405000	1,014382E+2
11,410000	1,014178E+2
11,415000	1,013363E+2
11,420000	1,013414E+2
11,425000	1,014344E+2
11,430000	1,014153E+2
11,435000	1,013541E+2
11,440000	1,012943E+2
11,445000	1,013771E+2
11,450000	1,014522E+2
11,455000	1,013771E+2
11,460000	1,013338E+2
11,465000	1,014318E+2
11,470000	1,013503E+2
11,475000	1,014280E+2
11,480000	1,013516E+2
11,485000	1,013656E+2
11,490000	1,014458E+2
11,495000	1,013758E+2
11,500000	1,013376E+2
11,505000	1,014356E+2
11,510000	1,013771E+2
11,515000	1,013261E+2
11,520000	1,014153E+2
11,525000	1,014000E+2
11,530000	1,013249E+2
11,535000	1,013707E+2
11,540000	1,014395E+2
11,545000	1,013860E+2
11,550000	1,013287E+2
11,555000	1,013529E+2
11,560000	1,014369E+2
11,565000	1,013834E+2
11,570000	1,013147E+2
11,575000	1,014114E+2
11,580000	1,013974E+2
11,585000	1,013478E+2
11,590000	1,014458E+2
11,595000	1,013541E+2
11,600000	1,013465E+2
11,605000	1,014433E+2
11,610000	1,013427E+2
11,615000	1,013707E+2
11,620000	1,014395E+2
11,625000	1,014127E+2
11,630000	1,013516E+2
11,635000	1,013032E+2
11,640000	1,013478E+2
11,645000	1,014407E+2
11,650000	1,013809E+2
11,655000	1,013185E+2
11,660000	1,013707E+2
11,665000	1,014471E+2
11,670000	1,013974E+2
11,675000	1,013236E+2
11,680000	1,013771E+2
11,685000	1,014089E+2
11,690000	1,014573E+2
11,695000	1,013936E+2
11,700000	1,013223E+2
11,705000	1,014178E+2
11,710000	1,014089E+2
11,715000	1,013223E+2
11,720000	1,014216E+2
11,725000	1,013898E+2
11,730000	1,013427E+2
11,735000	1,014293E+2
11,740000	1,013720E+2
11,745000	1,013401E+2
11,750000	1,014242E+2
11,755000	1,013465E+2
11,760000	1,014127E+2
11,765000	1,013427E+2
11,770000	1,014395E+2
11,775000	1,013389E+2
11,780000	1,014153E+2
11,785000	1,013796E+2
11,790000	1,013516E+2
11,795000	1,014267E+2
11,800000	1,013873E+2
11,805000	1,013363E+2
11,810000	1,014140E+2
11,815000	1,013962E+2
11,820000	1,013274E+2
11,825000	1,014420E+2
11,830000	1,013554E+2
11,835000	1,013631E+2
11,840000	1,014293E+2
11,845000	1,014013E+2
11,850000	1,013389E+2
11,855000	1,013987E+2
11,860000	1,013949E+2
11,865000	1,013503E+2
11,870000	1,014216E+2
11,875000	1,013274E+2
11,880000	1,014280E+2
11,885000	1,013834E+2
11,890000	1,013350E+2
11,895000	1,014254E+2
11,900000	1,013643E+2
11,905000	1,013834E+2
11,910000	1,013962E+2
11,915000	1,013567E+2
11,920000	1,013936E+2
11,925000	1,013796E+2
11,930000	1,014114E+2
11,935000	1,013312E+2
11,940000	1,014102E+2
11,945000	1,013338E+2
11,950000	1,014254E+2
11,955000	1,013694E+2
11,960000	1,013109E+2
11,965000	1,014204E+2
11,970000	1,014165E+2
11,975000	1,013172E+2
11,980000	1,013567E+2
11,985000	1,014089E+2
11,990000	1,014267E+2
11,995000	1,013210E+2
12,000000	1,014038E+2
12,005000	1,014013E+2
12,010000	1,013669E+2
12,015000	1,013147E+2
12,020000	1,014102E+2
12,025000	1,013656E+2
12,030000	1,013771E+2
12,035000	1,014547E+2
12,040000	1,013592E+2
12,045000	1,012956E+2
12,050000	1,013580E+2
12,055000	1,013885E+2
12,060000	1,014522E+2
12,065000	1,014484E+2
12,070000	1,013783E+2
12,075000	1,013503E+2
12,080000	1,013236E+2
12,085000	1,013376E+2
12,090000	1,013974E+2
12,095000	1,014344E+2
12,100000	1,013529E+2
12,105000	1,013529E+2
12,110000	1,014356E+2
12,115000	1,014089E+2
12,120000	1,013287E+2
12,125000	1,013350E+2
12,130000	1,013898E+2
12,135000	1,014496E+2
12,140000	1,014522E+2
12,145000	1,014013E+2
12,150000	1,013554E+2
12,155000	1,013058E+2
12,160000	1,013783E+2
12,165000	1,014547E+2
12,170000	1,013834E+2
12,175000	1,013350E+2
12,180000	1,013987E+2
12,185000	1,014560E+2
12,190000	1,014000E+2
12,195000	1,013274E+2
12,200000	1,013669E+2
12,205000	1,014522E+2
12,210000	1,014076E+2
12,215000	1,013147E+2
12,220000	1,013987E+2
12,225000	1,014369E+2
12,230000	1,013452E+2
12,235000	1,013427E+2
12,240000	1,014127E+2
12,245000	1,013452E+2
12,250000	1,014395E+2
12,255000	1,013389E+2
12,260000	1,014089E+2
12,265000	1,013452E+2
12,270000	1,014153E+2
12,275000	1,013491E+2
12,280000	1,013783E+2
12,285000	1,014102E+2
12,290000	1,013643E+2
12,295000	1,014165E+2
12,300000	1,013249E+2
12,305000	1,014114E+2
12,310000	1,014560E+2
12,315000	1,013656E+2
12,320000	1,013007E+2
12,325000	1,013592E+2
12,330000	1,014356E+2
12,335000	1,013962E+2
12,340000	1,013338E+2
12,345000	1,014420E+2
12,350000	1,013592E+2
12,355000	1,013669E+2
12,360000	1,014344E+2
12,365000	1,013452E+2
12,370000	1,014114E+2
12,375000	1,014140E+2
12,380000	1,013223E+2
12,385000	1,013478E+2
12,390000	1,014509E+2
12,395000	1,014000E+2
12,400000	1,013134E+2
12,405000	1,013809E+2
12,410000	1,014547E+2
12,415000	1,013452E+2
12,420000	1,013134E+2
12,425000	1,014025E+2
12,430000	1,014547E+2
12,435000	1,013401E+2
12,440000	1,013185E+2
12,445000	1,014051E+2
12,450000	1,014675E+2
12,455000	1,013529E+2
12,460000	1,013529E+2
12,465000	1,014267E+2
12,470000	1,013376E+2
12,475000	1,014165E+2
12,480000	1,013987E+2
12,485000	1,013274E+2
12,490000	1,014153E+2
12,495000	1,014000E+2
12,500000	1,013236E+2
12,505000	1,014089E+2
12,510000	1,013720E+2
12,515000	1,013592E+2
12,520000	1,014344E+2
12,525000	1,014293E+2
12,530000	1,013465E+2
12,535000	1,013389E+2
12,540000	1,014191E+2
12,545000	1,014216E+2
12,550000	1,013414E+2
12,555000	1,013669E+2
12,560000	1,014229E+2
12,565000	1,013401E+2
12,570000	1,014280E+2
12,575000	1,013618E+2
12,580000	1,013643E+2
12,585000	1,014229E+2
12,590000	1,013312E+2
12,595000	1,014153E+2
12,600000	1,014216E+2
12,605000	1,013440E+2
12,610000	1,013440E+2
12,615000	1,014013E+2
12,620000	1,014280E+2
12,625000	1,013503E+2
12,630000	1,013376E+2
12,635000	1,014089E+2
12,640000	1,013427E+2
12,645000	1,014509E+2
12,650000	1,013771E+2
12,655000	1,013350E+2
12,660000	1,014305E+2
12,665000	1,013771E+2
12,670000	1,013427E+2
12,675000	1,014076E+2
12,680000	1,014051E+2
12,685000	1,013210E+2
12,690000	1,013860E+2
12,695000	1,014445E+2
12,700000	1,013631E+2
12,705000	1,013236E+2
12,710000	1,013783E+2
12,715000	1,014445E+2
12,720000	1,013809E+2
12,725000	1,013376E+2
12,730000	1,013720E+2
12,735000	1,014484E+2
12,740000	1,014458E+2
12,745000	1,013847E+2
12,750000	1,013809E+2
12,755000	1,013287E+2
12,760000	1,013783E+2
12,765000	1,014293E+2
12,770000	1,014586E+2
12,775000	1,013720E+2
12,780000	1,013045E+2
12,785000	1,013949E+2
12,790000	1,014598E+2
12,795000	1,013732E+2
12,800000	1,013147E+2
12,805000	1,014076E+2
12,810000	1,014178E+2
12,815000	1,013109E+2
12,820000	1,013962E+2
12,825000	1,013631E+2
12,830000	1,013745E+2
12,835000	1,014344E+2
12,840000	1,014102E+2
12,845000	1,013516E+2
12,850000	1,013567E+2
12,855000	1,014216E+2
12,860000	1,014267E+2
12,865000	1,013516E+2
12,870000	1,013096E+2
12,875000	1,013682E+2
12,880000	1,014458E+2
12,885000	1,013911E+2
12,890000	1,013376E+2
12,895000	1,013656E+2
12,900000	1,014051E+2
12,905000	1,014356E+2
12,910000	1,013656E+2
12,915000	1,013491E+2
12,920000	1,014051E+2
12,925000	1,014586E+2
12,930000	1,014229E+2
12,935000	1,013236E+2
12,940000	1,013210E+2
12,945000	1,014191E+2
12,950000	1,014191E+2
12,955000	1,013249E+2
12,960000	1,014204E+2
12,965000	1,013363E+2
12,970000	1,013758E+2
12,975000	1,014395E+2
12,980000	1,013949E+2
12,985000	1,013325E+2
12,990000	1,013529E+2
12,995000	1,014051E+2
13,000000	1,014433E+2
13,005000	1,013541E+2
13,010000	1,014305E+2
13,015000	1,013440E+2
13,020000	1,013694E+2
13,025000	1,014458E+2
13,030000	1,013529E+2
13,035000	1,013682E+2
13,040000	1,013962E+2
13,045000	1,013376E+2
13,050000	1,014382E+2
13,055000	1,013427E+2
13,060000	1,013936E+2
13,065000	1,014484E+2
13,070000	1,013491E+2
13,075000	1,014013E+2
13,080000	1,013847E+2
13,085000	1,013452E+2
13,090000	1,014280E+2
13,095000	1,013070E+2
13,100000	1,014153E+2
13,105000	1,013860E+2
13,110000	1,013389E+2
13,115000	1,014267E+2
13,120000	1,013503E+2
13,125000	1,013478E+2
13,130000	1,014280E+2
13,135000	1,013389E+2
13,140000	1,013605E+2
13,145000	1,014496E+2
13,150000	1,013796E+2
13,155000	1,013376E+2
13,160000	1,014242E+2
13,165000	1,013923E+2
13,170000	1,013682E+2
13,175000	1,014318E+2
13,180000	1,013401E+2
13,185000	1,013516E+2
13,190000	1,014382E+2
13,195000	1,013631E+2
13,200000	1,013414E+2
13,205000	1,014318E+2
13,210000	1,013618E+2
13,215000	1,013911E+2
13,220000	1,013860E+2
13,225000	1,013274E+2
13,230000	1,014305E+2
13,235000	1,013643E+2
13,240000	1,013185E+2
13,245000	1,014153E+2
13,250000	1,013185E+2
13,255000	1,014102E+2
13,260000	1,014165E+2
13,265000	1,013478E+2
13,270000	1,013962E+2
13,275000	1,013198E+2
13,280000	1,014178E+2
13,285000	1,014153E+2
13,290000	1,013147E+2
13,295000	1,013745E+2
13,300000	1,014267E+2
13,305000	1,013898E+2
13,310000	1,013249E+2
13,315000	1,013682E+2
13,320000	1,014216E+2
13,325000	1,013350E+2
13,330000	1,013745E+2
13,335000	1,014382E+2
13,340000	1,013529E+2
13,345000	1,013911E+2
13,350000	1,014331E+2
13,355000	1,013261E+2
13,360000	1,013949E+2
13,365000	1,014293E+2
13,370000	1,013440E+2
13,375000	1,014178E+2
13,380000	1,013300E+2
13,385000	1,014267E+2
13,390000	1,013592E+2
13,395000	1,014153E+2
13,400000	1,013401E+2
13,405000	1,013465E+2
13,410000	1,014382E+2
13,415000	1,013580E+2
13,420000	1,013440E+2
13,425000	1,014344E+2
13,430000	1,013923E+2
13,435000	1,013491E+2
13,440000	1,013414E+2
13,445000	1,014178E+2
13,450000	1,014471E+2
13,455000	1,013631E+2
13,460000	1,013147E+2
13,465000	1,014191E+2
13,470000	1,014204E+2
13,475000	1,013312E+2
13,480000	1,013580E+2
13,485000	1,014471E+2
13,490000	1,014076E+2
13,495000	1,013134E+2
13,500000	1,013376E+2
13,505000	1,013860E+2
13,510000	1,013834E+2
13,515000	1,014229E+2
13,520000	1,013936E+2
13,525000	1,013338E+2
13,530000	1,013720E+2
13,535000	1,014407E+2
13,540000	1,014165E+2
13,545000	1,013796E+2
13,550000	1,013274E+2
13,555000	1,013974E+2
13,560000	1,014178E+2
13,565000	1,013745E+2
13,570000	1,013414E+2
13,575000	1,013592E+2
13,580000	1,014407E+2
13,585000	1,013847E+2
13,590000	1,013236E+2
13,595000	1,013987E+2
13,600000	1,014102E+2
13,605000	1,013643E+2
13,610000	1,013567E+2
13,615000	1,014204E+2
13,620000	1,013631E+2
13,625000	1,013414E+2
13,630000	1,014178E+2
13,635000	1,013401E+2
13,640000	1,013452E+2
13,645000	1,014407E+2
13,650000	1,013516E+2
13,655000	1,013656E+2
13,660000	1,014229E+2
13,665000	1,013465E+2
13,670000	1,014127E+2
13,675000	1,013847E+2
13,680000	1,012994E+2
13,685000	1,013923E+2
13,690000	1,014496E+2
13,695000	1,013745E+2
13,700000	1,013249E+2
13,705000	1,013541E+2
13,710000	1,014445E+2
13,715000	1,013936E+2
13,720000	1,013032E+2
13,725000	1,014064E+2
13,730000	1,014191E+2
13,735000	1,013185E+2
13,740000	1,013911E+2
13,745000	1,014216E+2
13,750000	1,013440E+2
13,755000	1,014242E+2
13,760000	1,013809E+2
13,765000	1,013350E+2
13,770000	1,014140E+2
13,775000	1,013885E+2
13,780000	1,013452E+2
13,785000	1,014318E+2
13,790000	1,013567E+2
13,795000	1,013567E+2
13,800000	1,014331E+2
13,805000	1,013541E+2
13,810000	1,013783E+2
13,815000	1,014267E+2
13,820000	1,013401E+2
13,825000	1,013732E+2
13,830000	1,014178E+2
13,835000	1,013389E+2
13,840000	1,014216E+2
13,845000	1,013885E+2
13,850000	1,013223E+2
13,855000	1,014076E+2
13,860000	1,014051E+2
13,865000	1,013529E+2
13,870000	1,014344E+2
13,875000	1,013541E+2
13,880000	1,013541E+2
13,885000	1,014344E+2
13,890000	1,013898E+2
13,895000	1,012930E+2
13,900000	1,013783E+2
13,905000	1,014573E+2
13,910000	1,013771E+2
13,915000	1,012994E+2
13,920000	1,013147E+2
13,925000	1,013898E+2
13,930000	1,014547E+2
13,935000	1,014038E+2
13,940000	1,013631E+2
13,945000	1,013898E+2
13,950000	1,014369E+2
13,955000	1,013478E+2
13,960000	1,013198E+2
13,965000	1,014331E+2
13,970000	1,013465E+2
13,975000	1,013783E+2
13,980000	1,014216E+2
13,985000	1,013567E+2
13,990000	1,013809E+2
13,995000	1,014420E+2
14,000000	1,013287E+2
14,005000	1,013987E+2
14,010000	1,014496E+2
14,015000	1,013363E+2
14,020000	1,013580E+2
14,025000	1,014484E+2
14,030000	1,013350E+2
14,035000	1,013822E+2
14,040000	1,014254E+2
14,045000	1,013325E+2
14,050000	1,013796E+2
14,055000	1,014293E+2
14,060000	1,013210E+2
14,065000	1,014000E+2
14,070000	1,014000E+2
14,075000	1,013732E+2
14,080000	1,013987E+2
14,085000	1,013312E+2
14,090000	1,014344E+2
14,095000	1,014229E+2
14,100000	1,013401E+2
14,105000	1,013592E+2
14,110000	1,014522E+2
14,115000	1,014165E+2
14,120000	1,013261E+2
14,125000	1,014025E+2
14,130000	1,014586E+2
14,135000	1,013529E+2
14,140000	1,013478E+2
14,145000	1,014458E+2
14,150000	1,013834E+2
14,155000	1,013096E+2
14,160000	1,013974E+2
14,165000	1,013376E+2
14,170000	1,014191E+2
14,175000	1,014051E+2
14,180000	1,013376E+2
14,185000	1,014242E+2
14,190000	1,014102E+2
14,195000	1,013236E+2
14,200000	1,013962E+2
14,205000	1,014305E+2
14,210000	1,013363E+2
14,215000	1,014089E+2
14,220000	1,013529E+2
14,225000	1,013873E+2
14,230000	1,014242E+2
14,235000	1,013465E+2
14,240000	1,014178E+2
14,245000	1,013580E+2
14,250000	1,014153E+2
14,255000	1,013529E+2
14,260000	1,013783E+2
14,265000	1,014356E+2
14,270000	1,013516E+2
14,275000	1,014076E+2
14,280000	1,013631E+2
14,285000	1,014013E+2
14,290000	1,013962E+2
14,295000	1,013592E+2
14,300000	1,014305E+2
14,305000	1,013465E+2
14,310000	1,014038E+2
14,315000	1,013758E+2
14,320000	1,013414E+2
14,325000	1,014089E+2
14,330000	1,013605E+2
14,335000	1,014229E+2
14,340000	1,013847E+2
14,345000	1,013287E+2
14,350000	1,014216E+2
14,355000	1,013911E+2
14,360000	1,013287E+2
14,365000	1,014331E+2
14,370000	1,013478E+2
14,375000	1,014102E+2
14,380000	1,013771E+2
14,385000	1,013631E+2
14,390000	1,014649E+2
14,395000	1,013911E+2
14,400000	1,013045E+2
14,405000	1,014140E+2
14,410000	1,014038E+2
14,415000	1,013300E+2
14,420000	1,014089E+2
14,425000	1,014000E+2
14,430000	1,013338E+2
14,435000	1,014178E+2
14,440000	1,013974E+2
14,445000	1,013159E+2
14,450000	1,013949E+2
14,455000	1,014293E+2
14,460000	1,013414E+2
14,465000	1,013720E+2
14,470000	1,014382E+2
14,475000	1,013325E+2
14,480000	1,014076E+2
14,485000	1,013682E+2
14,490000	1,013592E+2
14,495000	1,014496E+2
14,500000	1,013682E+2
14,505000	1,013350E+2
14,510000	1,014318E+2
14,515000	1,013440E+2
14,520000	1,013414E+2
14,525000	1,014369E+2
14,530000	1,013478E+2
14,535000	1,014254E+2
14,540000	1,013389E+2
14,545000	1,014204E+2
14,550000	1,014051E+2
14,555000	1,012956E+2
14,560000	1,013860E+2
14,565000	1,014318E+2
14,570000	1,013376E+2
14,575000	1,013923E+2
14,580000	1,014331E+2
14,585000	1,013682E+2
14,590000	1,013567E+2
14,595000	1,014293E+2
14,600000	1,013580E+2
14,605000	1,013592E+2
14,610000	1,014293E+2
14,615000	1,013440E+2
14,620000	1,013847E+2
14,625000	1,013771E+2
14,630000	1,013554E+2
14,635000	1,014293E+2
14,640000	1,013363E+2
14,645000	1,013796E+2
14,650000	1,014598E+2
14,655000	1,013465E+2
14,660000	1,013541E+2
14,665000	1,014242E+2
14,670000	1,013350E+2
14,675000	1,013809E+2
14,680000	1,014254E+2
14,685000	1,013109E+2
14,690000	1,013809E+2
14,695000	1,014267E+2
14,700000	1,013236E+2
14,705000	1,014102E+2
14,710000	1,013949E+2
14,715000	1,013401E+2
14,720000	1,014254E+2
14,725000	1,013554E+2
14,730000	1,013923E+2
14,735000	1,014038E+2
14,740000	1,013159E+2
14,745000	1,014114E+2
14,750000	1,014114E+2
14,755000	1,013503E+2
14,760000	1,013923E+2
14,765000	1,014216E+2
14,770000	1,013847E+2
14,775000	1,013503E+2
14,780000	1,013834E+2
14,785000	1,014089E+2
14,790000	1,013529E+2
14,795000	1,013847E+2
14,800000	1,014242E+2
14,805000	1,013873E+2
14,810000	1,013249E+2
14,815000	1,013631E+2
14,820000	1,014369E+2
14,825000	1,014331E+2
14,830000	1,013847E+2
14,835000	1,013236E+2
14,840000	1,013834E+2
14,845000	1,014522E+2
14,850000	1,014216E+2
14,855000	1,013261E+2
14,860000	1,013656E+2
14,865000	1,014331E+2
14,870000	1,013707E+2
14,875000	1,013580E+2
14,880000	1,014344E+2
14,885000	1,013376E+2
14,890000	1,014140E+2
14,895000	1,014229E+2
14,900000	1,013300E+2
14,905000	1,013758E+2
14,910000	1,014586E+2
14,915000	1,013822E+2
14,920000	1,013452E+2
14,925000	1,013656E+2
14,930000	1,014280E+2
14,935000	1,013834E+2
14,940000	1,013210E+2
14,945000	1,014407E+2
14,950000	1,013962E+2
14,955000	1,013427E+2
14,960000	1,014102E+2
14,965000	1,013949E+2
14,970000	1,013898E+2
14,975000	1,013478E+2
14,980000	1,014089E+2
14,985000	1,013516E+2
14,990000	1,014153E+2
14,995000	1,013847E+2
15,000000	1,013134E+2
15,005000	1,013962E+2
15,010000	1,014636E+2
15,015000	1,013796E+2
15,020000	1,012981E+2
15,025000	1,013987E+2
15,030000	1,014356E+2
15,035000	1,013236E+2
15,040000	1,013732E+2
15,045000	1,014624E+2
15,050000	1,013618E+2
15,055000	1,013885E+2
15,060000	1,013656E+2
15,065000	1,013631E+2
15,070000	1,014484E+2
15,075000	1,013338E+2
15,080000	1,013771E+2
15,085000	1,014636E+2
15,090000	1,013618E+2
15,095000	1,013936E+2
15,100000	1,014025E+2
15,105000	1,013758E+2
15,110000	1,013452E+2
15,115000	1,014191E+2
15,120000	1,013834E+2
15,125000	1,013478E+2
15,130000	1,014267E+2
15,135000	1,013350E+2
15,140000	1,014216E+2
15,145000	1,013758E+2
15,150000	1,013223E+2
15,155000	1,013974E+2
15,160000	1,014102E+2
15,165000	1,013491E+2
15,170000	1,014433E+2
15,175000	1,014051E+2
15,180000	1,013350E+2
15,185000	1,014433E+2
15,190000	1,013363E+2
15,195000	1,014140E+2
15,200000	1,013631E+2
15,205000	1,014038E+2
15,210000	1,013592E+2
15,215000	1,014204E+2
15,220000	1,013605E+2
15,225000	1,014178E+2
15,230000	1,013529E+2
15,235000	1,013809E+2
15,240000	1,013974E+2
15,245000	1,013745E+2
15,250000	1,013771E+2
15,255000	1,013643E+2
15,260000	1,013682E+2
15,265000	1,014229E+2
15,270000	1,013312E+2
15,275000	1,014305E+2
15,280000	1,013923E+2
15,285000	1,013287E+2
15,290000	1,014280E+2
15,295000	1,013376E+2
15,300000	1,014114E+2
15,305000	1,013618E+2
15,310000	1,014038E+2
15,315000	1,013822E+2
15,320000	1,013720E+2
15,325000	1,013898E+2
15,330000	1,013592E+2
15,335000	1,014395E+2
15,340000	1,013783E+2
15,345000	1,013401E+2
15,350000	1,014344E+2
15,355000	1,013873E+2
15,360000	1,013109E+2
15,365000	1,014178E+2
15,370000	1,014114E+2
15,375000	1,013478E+2
15,380000	1,014178E+2
15,385000	1,013529E+2
15,390000	1,013758E+2
15,395000	1,014420E+2
15,400000	1,013491E+2
15,405000	1,013669E+2
15,410000	1,014586E+2
15,415000	1,013529E+2
15,420000	1,013274E+2
15,425000	1,014267E+2
15,430000	1,013350E+2
15,435000	1,013885E+2
15,440000	1,014509E+2
15,445000	1,014076E+2
15,450000	1,013618E+2
15,455000	1,013643E+2
15,460000	1,013962E+2
15,465000	1,013376E+2
15,470000	1,013592E+2
15,475000	1,014484E+2
15,480000	1,013745E+2
15,485000	1,013083E+2
15,490000	1,013758E+2
15,495000	1,014318E+2
15,500000	1,013503E+2
15,505000	1,014293E+2
15,510000	1,013694E+2
15,515000	1,013287E+2
15,520000	1,014229E+2
15,525000	1,013401E+2
15,530000	1,014344E+2
15,535000	1,013618E+2
15,540000	1,013885E+2
15,545000	1,013491E+2
15,550000	1,014267E+2
15,555000	1,013440E+2
15,560000	1,014051E+2
15,565000	1,013376E+2
15,570000	1,014280E+2
15,575000	1,013249E+2
15,580000	1,014102E+2
15,585000	1,014191E+2
15,590000	1,013427E+2
15,595000	1,014229E+2
15,600000	1,013631E+2
15,605000	1,013465E+2
15,610000	1,014420E+2
15,615000	1,013567E+2
15,620000	1,013427E+2
15,625000	1,014458E+2
15,630000	1,013694E+2
15,635000	1,013338E+2
15,640000	1,014153E+2
15,645000	1,013376E+2
15,650000	1,014267E+2
15,655000	1,013898E+2
15,660000	1,013261E+2
15,665000	1,014471E+2
15,670000	1,014140E+2
15,675000	1,013350E+2
15,680000	1,014165E+2
15,685000	1,013452E+2
15,690000	1,013720E+2
15,695000	1,013783E+2
15,700000	1,014382E+2
15,705000	1,014038E+2
15,710000	1,013452E+2
15,715000	1,014254E+2
15,720000	1,013427E+2
15,725000	1,014064E+2
15,730000	1,014229E+2
15,735000	1,013236E+2
15,740000	1,014216E+2
15,745000	1,013491E+2
15,750000	1,014140E+2
15,755000	1,014114E+2
15,760000	1,013134E+2
15,765000	1,014051E+2
15,770000	1,013974E+2
15,775000	1,013223E+2
15,780000	1,014000E+2
15,785000	1,013974E+2
15,790000	1,013350E+2
15,795000	1,014254E+2
15,800000	1,014140E+2
15,805000	1,013261E+2
15,810000	1,014280E+2
15,815000	1,013427E+2
15,820000	1,014102E+2
15,825000	1,013911E+2
15,830000	1,013656E+2
15,835000	1,014305E+2
15,840000	1,013452E+2
15,845000	1,013147E+2
15,850000	1,014000E+2
15,855000	1,014484E+2
15,860000	1,014000E+2
15,865000	1,013516E+2
15,870000	1,014216E+2
15,875000	1,013325E+2
15,880000	1,014051E+2
15,885000	1,014178E+2
15,890000	1,013274E+2
15,895000	1,013580E+2
15,900000	1,014445E+2
15,905000	1,014433E+2
15,910000	1,013516E+2
15,915000	1,013771E+2
15,920000	1,014331E+2
15,925000	1,013529E+2
15,930000	1,013554E+2
15,935000	1,014140E+2
15,940000	1,013465E+2
15,945000	1,013541E+2
15,950000	1,014395E+2
15,955000	1,013911E+2
15,960000	1,013287E+2
15,965000	1,014178E+2
15,970000	1,013452E+2
15,975000	1,014076E+2
15,980000	1,014038E+2
15,985000	1,013121E+2
15,990000	1,014051E+2
15,995000	1,014140E+2
16,000000	1,013312E+2
16,005000	1,014102E+2
16,010000	1,014395E+2
16,015000	1,013185E+2
16,020000	1,013885E+2
16,025000	1,014318E+2
16,030000	1,013376E+2
16,035000	1,013873E+2
16,040000	1,014254E+2
16,045000	1,013452E+2
16,050000	1,013618E+2
16,055000	1,014407E+2
16,060000	1,013682E+2
16,065000	1,013503E+2
16,070000	1,014433E+2
16,075000	1,013529E+2
16,080000	1,013300E+2
16,085000	1,014153E+2
16,090000	1,014293E+2
16,095000	1,013287E+2
16,100000	1,013974E+2
16,105000	1,014114E+2
16,110000	1,013516E+2
16,115000	1,014331E+2
16,120000	1,013554E+2
16,125000	1,013809E+2
16,130000	1,014000E+2
16,135000	1,013389E+2
16,140000	1,014242E+2
16,145000	1,013720E+2
16,150000	1,013771E+2
16,155000	1,014420E+2
16,160000	1,013478E+2
16,165000	1,013541E+2
16,170000	1,014369E+2
16,175000	1,014229E+2
16,180000	1,013389E+2
16,185000	1,013618E+2
16,190000	1,014318E+2
16,195000	1,013389E+2
16,200000	1,013592E+2
16,205000	1,014318E+2
16,210000	1,013401E+2
16,215000	1,014293E+2
16,220000	1,013567E+2
16,225000	1,013758E+2
16,230000	1,014102E+2
16,235000	1,013223E+2
16,240000	1,014038E+2
16,245000	1,013745E+2
16,250000	1,013491E+2
16,255000	1,014293E+2
16,260000	1,013516E+2
16,265000	1,013605E+2
16,270000	1,014496E+2
16,275000	1,013516E+2
16,280000	1,013631E+2
16,285000	1,014535E+2
16,290000	1,013936E+2
16,295000	1,013350E+2
16,300000	1,013936E+2
16,305000	1,013631E+2
16,310000	1,013758E+2
16,315000	1,014140E+2
16,320000	1,013847E+2
16,325000	1,013363E+2
16,330000	1,013312E+2
16,335000	1,014204E+2
16,340000	1,013669E+2
16,345000	1,013121E+2
16,350000	1,014356E+2
16,355000	1,013898E+2
16,360000	1,013185E+2
16,365000	1,013860E+2
16,370000	1,014522E+2
16,375000	1,013834E+2
16,380000	1,013096E+2
16,385000	1,013478E+2
16,390000	1,013923E+2
16,395000	1,014547E+2
16,400000	1,013847E+2
16,405000	1,013376E+2
16,410000	1,013694E+2
16,415000	1,014140E+2
16,420000	1,014369E+2
16,425000	1,013783E+2
16,430000	1,013045E+2
16,435000	1,013440E+2
16,440000	1,013949E+2
16,445000	1,014624E+2
16,450000	1,014407E+2
16,455000	1,013898E+2
16,460000	1,012994E+2
16,465000	1,013401E+2
16,470000	1,014484E+2
16,475000	1,013923E+2
16,480000	1,013427E+2
16,485000	1,013401E+2
16,490000	1,014369E+2
16,495000	1,013529E+2
16,500000	1,013618E+2
16,505000	1,014318E+2
16,510000	1,013350E+2
16,515000	1,014254E+2
16,520000	1,013516E+2
16,525000	1,013210E+2
16,530000	1,013758E+2
16,535000	1,014407E+2
16,540000	1,013758E+2
16,545000	1,013911E+2
16,550000	1,013669E+2
16,555000	1,013873E+2
16,560000	1,013669E+2
16,565000	1,014458E+2
16,570000	1,013834E+2
16,575000	1,013376E+2
16,580000	1,014140E+2
16,585000	1,013389E+2
16,590000	1,013720E+2
16,595000	1,014216E+2
16,600000	1,013911E+2
16,605000	1,013363E+2
16,610000	1,014382E+2
16,615000	1,013491E+2
16,620000	1,013261E+2
16,625000	1,013911E+2
16,630000	1,014560E+2
16,635000	1,013911E+2
16,640000	1,013210E+2
16,645000	1,013376E+2
16,650000	1,013860E+2
16,655000	1,014076E+2
16,660000	1,014153E+2
16,665000	1,013682E+2
16,670000	1,013198E+2
16,675000	1,013541E+2
16,680000	1,014356E+2
16,685000	1,013771E+2
16,690000	1,013376E+2
16,695000	1,013949E+2
16,700000	1,014165E+2
16,705000	1,013809E+2
16,710000	1,013045E+2
16,715000	1,013134E+2
16,720000	1,013758E+2
16,725000	1,014331E+2
16,730000	1,013478E+2
16,735000	1,013350E+2
16,740000	1,014013E+2
16,745000	1,014216E+2
16,750000	1,013427E+2
16,755000	1,014305E+2
16,760000	1,013682E+2
16,765000	1,013541E+2
16,770000	1,014484E+2
16,775000	1,013440E+2
16,780000	1,013554E+2
16,785000	1,014407E+2
16,790000	1,014127E+2
16,795000	1,013440E+2
16,800000	1,014051E+2
16,805000	1,013465E+2
16,810000	1,014535E+2
16,815000	1,013974E+2
16,820000	1,012943E+2
16,825000	1,013541E+2
16,830000	1,014547E+2
16,835000	1,013796E+2
16,840000	1,013389E+2
16,845000	1,013567E+2
16,850000	1,014318E+2
16,855000	1,013414E+2
16,860000	1,013643E+2
16,865000	1,014522E+2
16,870000	1,013516E+2
16,875000	1,013949E+2
16,880000	1,013911E+2
16,885000	1,013363E+2
16,890000	1,014293E+2
16,895000	1,013707E+2
16,900000	1,013096E+2
16,905000	1,014191E+2
16,910000	1,014395E+2
16,915000	1,013580E+2
16,920000	1,013032E+2
16,925000	1,014025E+2
16,930000	1,014051E+2
16,935000	1,013287E+2
16,940000	1,014038E+2
16,945000	1,014038E+2
16,950000	1,013338E+2
16,955000	1,014000E+2
16,960000	1,014191E+2
16,965000	1,013249E+2
16,970000	1,013873E+2
16,975000	1,014458E+2
16,980000	1,013580E+2
16,985000	1,014369E+2
16,990000	1,013465E+2
16,995000	1,013503E+2
17,000000	1,014395E+2
17,005000	1,014331E+2
17,010000	1,013465E+2
17,015000	1,013923E+2
17,020000	1,014242E+2
17,025000	1,013427E+2
17,030000	1,014076E+2
17,035000	1,014216E+2
17,040000	1,013414E+2
17,045000	1,014471E+2
17,050000	1,013860E+2
17,055000	1,013236E+2
17,060000	1,014127E+2
17,065000	1,013350E+2
17,070000	1,014254E+2
17,075000	1,013567E+2
17,080000	1,013911E+2
17,085000	1,013936E+2
17,090000	1,013720E+2
17,095000	1,014102E+2
17,100000	1,013147E+2
17,105000	1,014051E+2
17,110000	1,014369E+2
17,115000	1,013873E+2
17,120000	1,013019E+2
17,125000	1,014127E+2
17,130000	1,014204E+2
17,135000	1,013491E+2
17,140000	1,013720E+2
17,145000	1,014484E+2
17,150000	1,013898E+2
17,155000	1,013261E+2
17,160000	1,013732E+2
17,165000	1,014331E+2
17,170000	1,013465E+2
17,175000	1,013796E+2
17,180000	1,014178E+2
17,185000	1,013427E+2
17,190000	1,014127E+2
17,195000	1,013885E+2
17,200000	1,013707E+2
17,205000	1,014102E+2
17,210000	1,013478E+2
17,215000	1,014153E+2
17,220000	1,014000E+2
17,225000	1,013567E+2
17,230000	1,014254E+2
17,235000	1,013338E+2
17,240000	1,013682E+2
17,245000	1,014458E+2
17,250000	1,014013E+2
17,255000	1,013312E+2
17,260000	1,014165E+2
17,265000	1,013567E+2
17,270000	1,013414E+2
17,275000	1,014407E+2
17,280000	1,013962E+2
17,285000	1,013350E+2
17,290000	1,014344E+2
17,295000	1,013796E+2
17,300000	1,013172E+2
17,305000	1,014216E+2
17,310000	1,013936E+2
17,315000	1,013389E+2
17,320000	1,014216E+2
17,325000	1,013478E+2
17,330000	1,013720E+2
17,335000	1,014560E+2
17,340000	1,013338E+2
17,345000	1,014013E+2
17,350000	1,014064E+2
17,355000	1,013338E+2
17,360000	1,014254E+2
17,365000	1,013529E+2
17,370000	1,013567E+2
17,375000	1,014420E+2
17,380000	1,013936E+2
17,385000	1,013287E+2
17,390000	1,013656E+2
17,395000	1,014216E+2
17,400000	1,013834E+2
17,405000	1,013274E+2
17,410000	1,013962E+2
17,415000	1,014586E+2
17,420000	1,013822E+2
17,425000	1,013274E+2
17,430000	1,013949E+2
17,435000	1,014089E+2
17,440000	1,013312E+2
17,445000	1,014305E+2
17,450000	1,013592E+2
17,455000	1,013758E+2
17,460000	1,014064E+2
17,465000	1,013236E+2
17,470000	1,014305E+2
17,475000	1,013287E+2
17,480000	1,014000E+2
17,485000	1,013949E+2
17,490000	1,013249E+2
17,495000	1,014267E+2
17,500000	1,013236E+2
17,505000	1,013974E+2
17,510000	1,013936E+2
17,515000	1,013656E+2
17,520000	1,013618E+2
17,525000	1,014216E+2
17,530000	1,013350E+2
17,535000	1,013605E+2
17,540000	1,014127E+2
17,545000	1,013516E+2
17,550000	1,013809E+2
17,555000	1,014254E+2
17,560000	1,014102E+2
17,565000	1,013198E+2
17,570000	1,013643E+2
17,575000	1,014382E+2
17,580000	1,013300E+2
17,585000	1,013682E+2
17,590000	1,014356E+2
17,595000	1,013732E+2
17,600000	1,013058E+2
17,605000	1,014013E+2
17,610000	1,014127E+2
17,615000	1,013414E+2
17,620000	1,013185E+2
17,625000	1,014191E+2
17,630000	1,014064E+2
17,635000	1,013070E+2
17,640000	1,013949E+2
17,645000	1,014127E+2
17,650000	1,013580E+2
17,655000	1,014165E+2
17,660000	1,013249E+2
17,665000	1,013758E+2
17,670000	1,014153E+2
17,675000	1,014191E+2
17,680000	1,013491E+2
17,685000	1,013401E+2
17,690000	1,014204E+2
17,695000	1,014127E+2
17,700000	1,013376E+2
17,705000	1,014267E+2
17,710000	1,014089E+2
17,715000	1,013070E+2
17,720000	1,013325E+2
17,725000	1,014051E+2
17,730000	1,014700E+2
17,735000	1,013885E+2
17,740000	1,013134E+2
17,745000	1,013834E+2
17,750000	1,013936E+2
17,755000	1,013567E+2
17,760000	1,014344E+2
17,765000	1,013732E+2
17,770000	1,013580E+2
17,775000	1,014293E+2
17,780000	1,013847E+2
17,785000	1,013045E+2
17,790000	1,013732E+2
17,795000	1,014229E+2
17,800000	1,013860E+2
17,805000	1,013032E+2
17,810000	1,014076E+2
17,815000	1,013936E+2
17,820000	1,013312E+2
17,825000	1,014229E+2
17,830000	1,013974E+2
17,835000	1,013312E+2
17,840000	1,014127E+2
17,845000	1,013618E+2
17,850000	1,013771E+2
17,855000	1,014089E+2
17,860000	1,013007E+2
17,865000	1,014165E+2
17,870000	1,013873E+2
17,875000	1,013694E+2
17,880000	1,014153E+2
17,885000	1,013172E+2
17,890000	1,014025E+2
17,895000	1,014254E+2
17,900000	1,013058E+2
17,905000	1,013669E+2
17,910000	1,014624E+2
17,915000	1,013771E+2
17,920000	1,013185E+2
17,925000	1,013732E+2
17,930000	1,014204E+2
17,935000	1,014254E+2
17,940000	1,013032E+2
17,945000	1,012956E+2
17,950000	1,013529E+2
17,955000	1,013796E+2
17,960000	1,013783E+2
17,965000	1,014496E+2
17,970000	1,014356E+2
17,975000	1,013771E+2
17,980000	1,013172E+2
17,985000	1,013121E+2
17,990000	1,014025E+2
17,995000	1,014484E+2
18,000000	1,013643E+2
18,005000	1,013682E+2
18,010000	1,014509E+2
18,015000	1,013771E+2
18,020000	1,013822E+2
18,025000	1,013338E+2
18,030000	1,013363E+2
18,035000	1,014013E+2
18,040000	1,014560E+2
18,045000	1,014140E+2
18,050000	1,013427E+2
18,055000	1,013567E+2
18,060000	1,014433E+2
18,065000	1,014051E+2
18,070000	1,013592E+2
18,075000	1,014013E+2
18,080000	1,014038E+2
18,085000	1,013427E+2
18,090000	1,014165E+2
18,095000	1,014267E+2
18,100000	1,013236E+2
18,105000	1,014204E+2
18,110000	1,013669E+2
18,115000	1,013822E+2
18,120000	1,013745E+2
18,125000	1,013580E+2
18,130000	1,014267E+2
18,135000	1,013274E+2
18,140000	1,013936E+2
18,145000	1,014382E+2
18,150000	1,013567E+2
18,155000	1,013427E+2
18,160000	1,014165E+2
18,165000	1,014000E+2
18,170000	1,013261E+2
18,175000	1,013312E+2
18,180000	1,013962E+2
18,185000	1,014242E+2
18,190000	1,013414E+2
18,195000	1,013720E+2
18,200000	1,014305E+2
18,205000	1,013312E+2
18,210000	1,013643E+2
18,215000	1,014318E+2
18,220000	1,013491E+2
18,225000	1,013554E+2
18,230000	1,014445E+2
18,235000	1,013580E+2
18,240000	1,013223E+2
18,245000	1,014204E+2
18,250000	1,013822E+2
18,255000	1,014420E+2
18,260000	1,013427E+2
18,265000	1,013529E+2
18,270000	1,014458E+2
18,275000	1,013478E+2
18,280000	1,013592E+2
18,285000	1,014089E+2
18,290000	1,013325E+2
18,295000	1,014000E+2
18,300000	1,013376E+2
18,305000	1,014267E+2
18,310000	1,013363E+2
18,315000	1,014140E+2
18,320000	1,013350E+2
18,325000	1,014127E+2
18,330000	1,013771E+2
18,335000	1,013300E+2
18,340000	1,014013E+2
18,345000	1,014038E+2
18,350000	1,013440E+2
18,355000	1,013121E+2
18,360000	1,013923E+2
18,365000	1,014293E+2
18,370000	1,013682E+2
18,375000	1,013516E+2
18,380000	1,014305E+2
18,385000	1,013541E+2
18,390000	1,013440E+2
18,395000	1,014395E+2
18,400000	1,013210E+2
18,405000	1,013478E+2
18,410000	1,014305E+2
18,415000	1,013911E+2
18,420000	1,013223E+2
18,425000	1,014178E+2
18,430000	1,013350E+2
18,435000	1,013860E+2
18,440000	1,013325E+2
18,445000	1,014369E+2
18,450000	1,013491E+2
18,455000	1,013974E+2
18,460000	1,013911E+2
18,465000	1,013389E+2
18,470000	1,014344E+2
18,475000	1,013987E+2
18,480000	1,013032E+2
18,485000	1,013682E+2
18,490000	1,014369E+2
18,495000	1,013287E+2
18,500000	1,013822E+2
18,505000	1,013656E+2
18,510000	1,013771E+2
18,515000	1,014114E+2
18,520000	1,013185E+2
18,525000	1,014293E+2
18,530000	1,014318E+2
18,535000	1,013771E+2
18,540000	1,013045E+2
18,545000	1,013440E+2
18,550000	1,014471E+2
18,555000	1,013529E+2
18,560000	1,013338E+2
18,565000	1,014280E+2
18,570000	1,014089E+2
18,575000	1,013210E+2
18,580000	1,013847E+2
18,585000	1,014484E+2
18,590000	1,013822E+2
18,595000	1,013287E+2
18,600000	1,013860E+2
18,605000	1,014636E+2
18,610000	1,013898E+2
18,615000	1,013236E+2
18,620000	1,013860E+2
18,625000	1,014369E+2
18,630000	1,013427E+2
18,635000	1,013503E+2
18,640000	1,014025E+2
18,645000	1,013440E+2
18,650000	1,013834E+2
18,655000	1,014395E+2
18,660000	1,014000E+2
18,665000	1,013300E+2
18,670000	1,014293E+2
18,675000	1,013554E+2
18,680000	1,014229E+2
18,685000	1,013745E+2
18,690000	1,013962E+2
18,695000	1,013554E+2
18,700000	1,013669E+2
18,705000	1,014025E+2
18,710000	1,013338E+2
18,715000	1,014140E+2
18,720000	1,013478E+2
18,725000	1,013656E+2
18,730000	1,014267E+2
18,735000	1,013172E+2
18,740000	1,013860E+2
18,745000	1,014573E+2
18,750000	1,013898E+2
18,755000	1,013096E+2
18,760000	1,013949E+2
18,765000	1,014204E+2
18,770000	1,013312E+2
18,775000	1,014102E+2
18,780000	1,013643E+2
18,785000	1,013682E+2
18,790000	1,014458E+2
18,795000	1,013478E+2
18,800000	1,013452E+2
18,805000	1,014636E+2
18,810000	1,013962E+2
18,815000	1,013325E+2
18,820000	1,014051E+2
18,825000	1,014242E+2
18,830000	1,013452E+2
18,835000	1,013694E+2
18,840000	1,014331E+2
18,845000	1,013440E+2
18,850000	1,013414E+2
18,855000	1,014051E+2
18,860000	1,014318E+2
18,865000	1,013338E+2
18,870000	1,013465E+2
18,875000	1,014102E+2
18,880000	1,014076E+2
18,885000	1,013249E+2
18,890000	1,013325E+2
18,895000	1,013771E+2
18,900000	1,014114E+2
18,905000	1,013287E+2
18,910000	1,013936E+2
18,915000	1,014522E+2
18,920000	1,014000E+2
18,925000	1,013478E+2
18,930000	1,014522E+2
18,935000	1,013898E+2
18,940000	1,013605E+2
18,945000	1,013363E+2
18,950000	1,014547E+2
18,955000	1,013911E+2
18,960000	1,013096E+2
18,965000	1,013796E+2
18,970000	1,014280E+2
18,975000	1,013491E+2
18,980000	1,013491E+2
18,985000	1,014216E+2
18,990000	1,014114E+2
18,995000	1,013249E+2
19,000000	1,013491E+2
19,005000	1,014433E+2
19,010000	1,013758E+2
19,015000	1,012968E+2
19,020000	1,013707E+2
19,025000	1,013822E+2
19,030000	1,014636E+2
19,035000	1,014051E+2
19,040000	1,013694E+2
19,045000	1,013249E+2
19,050000	1,013541E+2
19,055000	1,014051E+2
19,060000	1,014407E+2
19,065000	1,013745E+2
19,070000	1,013822E+2
19,075000	1,013847E+2
19,080000	1,013720E+2
19,085000	1,013758E+2
19,090000	1,013822E+2
19,095000	1,013860E+2
19,100000	1,013669E+2
19,105000	1,013045E+2
19,110000	1,013809E+2
19,115000	1,013936E+2
19,120000	1,014420E+2
19,125000	1,014484E+2
19,130000	1,013898E+2
19,135000	1,013783E+2
19,140000	1,013325E+2
19,145000	1,013045E+2
19,150000	1,013541E+2
19,155000	1,014013E+2
19,160000	1,014471E+2
19,165000	1,014573E+2
19,170000	1,014000E+2
19,175000	1,013503E+2
19,180000	1,012918E+2
19,185000	1,013656E+2
19,190000	1,014165E+2
19,195000	1,014649E+2
19,200000	1,013732E+2
19,205000	1,013592E+2
19,210000	1,013083E+2
19,215000	1,013503E+2
19,220000	1,014165E+2
19,225000	1,014013E+2
19,230000	1,013350E+2
19,235000	1,013350E+2
19,240000	1,013694E+2
19,245000	1,014496E+2
19,250000	1,014687E+2
19,255000	1,014344E+2
19,260000	1,013236E+2
19,265000	1,013516E+2
19,270000	1,014318E+2
19,275000	1,014165E+2
19,280000	1,013261E+2
19,285000	1,013707E+2
19,290000	1,014382E+2
19,295000	1,014598E+2
19,300000	1,013783E+2
19,305000	1,013809E+2
19,310000	1,013401E+2
19,315000	1,013694E+2
19,320000	1,013796E+2
19,325000	1,013758E+2
19,330000	1,014356E+2
19,335000	1,014547E+2
19,340000	1,014216E+2
19,345000	1,013440E+2
19,350000	1,014433E+2
19,355000	1,014649E+2
19,360000	1,014165E+2
19,365000	1,013554E+2
19,370000	1,013210E+2
19,375000	1,013745E+2
19,380000	1,014216E+2
19,385000	1,014204E+2
19,390000	1,013465E+2
19,395000	1,013058E+2
19,400000	1,013580E+2
19,405000	1,013783E+2
19,410000	1,014649E+2
19,415000	1,014560E+2
19,420000	1,013809E+2
19,425000	1,013223E+2
19,430000	1,014102E+2
19,435000	1,013618E+2
19,440000	1,012943E+2
19,445000	1,014305E+2
19,450000	1,013898E+2
19,455000	1,013325E+2
19,460000	1,013809E+2
19,465000	1,014267E+2
19,470000	1,013389E+2
19,475000	1,013682E+2
19,480000	1,014509E+2
19,485000	1,013707E+2
19,490000	1,013503E+2
19,495000	1,014344E+2
19,500000	1,013669E+2
19,505000	1,012981E+2
19,510000	1,013809E+2
19,515000	1,014051E+2
19,520000	1,013274E+2
19,525000	1,013300E+2
19,530000	1,013949E+2
19,535000	1,014331E+2
19,540000	1,013987E+2
19,545000	1,013758E+2
19,550000	1,013783E+2
19,555000	1,013834E+2
19,560000	1,013745E+2
19,565000	1,013121E+2
19,570000	1,013096E+2
19,575000	1,013720E+2
19,580000	1,013822E+2
19,585000	1,014420E+2
19,590000	1,013911E+2
19,595000	1,013758E+2
19,600000	1,013274E+2
19,605000	1,013376E+2
19,610000	1,014140E+2
19,615000	1,014522E+2
19,620000	1,013732E+2
19,625000	1,013656E+2
19,630000	1,013771E+2
19,635000	1,014025E+2
19,640000	1,014395E+2
19,645000	1,013771E+2
19,650000	1,013159E+2
19,655000	1,013605E+2
19,660000	1,014102E+2
19,665000	1,014496E+2
19,670000	1,014127E+2
19,675000	1,013350E+2
19,680000	1,013096E+2
19,685000	1,013898E+2
19,690000	1,013873E+2
19,695000	1,014204E+2
19,700000	1,014127E+2
19,705000	1,013478E+2
19,710000	1,013223E+2
19,715000	1,013987E+2
19,720000	1,014356E+2
19,725000	1,013885E+2
19,730000	1,013325E+2
19,735000	1,013541E+2
19,740000	1,014267E+2
19,745000	1,013287E+2
19,750000	1,013605E+2
19,755000	1,014344E+2
19,760000	1,013236E+2
19,765000	1,013873E+2
19,770000	1,013732E+2
19,775000	1,013363E+2
19,780000	1,014051E+2
19,785000	1,014216E+2
19,790000	1,013249E+2
19,795000	1,013605E+2
19,800000	1,014318E+2
19,805000	1,013694E+2
19,810000	1,013274E+2
19,815000	1,014140E+2
19,820000	1,014191E+2
19,825000	1,013478E+2
19,830000	1,012994E+2
19,835000	1,014000E+2
19,840000	1,013147E+2
19,845000	1,013338E+2
19,850000	1,014420E+2
19,855000	1,013936E+2
19,860000	1,013019E+2
19,865000	1,013592E+2
19,870000	1,014293E+2
19,875000	1,014649E+2
19,880000	1,013809E+2
19,885000	1,013440E+2
19,890000	1,013350E+2
19,895000	1,014178E+2
19,900000	1,014356E+2
19,905000	1,013732E+2
19,910000	1,013440E+2
19,915000	1,014293E+2
19,920000	1,013720E+2
19,925000	1,013338E+2
19,930000	1,014331E+2
19,935000	1,013758E+2
19,940000	1,013109E+2
19,945000	1,013923E+2
19,950000	1,014229E+2
19,955000	1,013325E+2
19,960000	1,013809E+2
19,965000	1,014331E+2
19,970000	1,013847E+2
19,975000	1,013236E+2
19,980000	1,013007E+2
19,985000	1,013732E+2
19,990000	1,014254E+2
19,995000	1,014229E+2
20,000000	1,013401E+2
20,005000	1,013325E+2
20,010000	1,014140E+2
20,015000	1,014382E+2
20,020000	1,013796E+2
20,025000	1,013312E+2
20,030000	1,013147E+2
20,035000	1,013694E+2
20,040000	1,014229E+2
20,045000	1,014229E+2
20,050000	1,013809E+2
20,055000	1,013019E+2
20,060000	1,013643E+2
20,065000	1,014000E+2
20,070000	1,014573E+2
20,075000	1,013796E+2
20,080000	1,013732E+2
20,085000	1,012943E+2
20,090000	1,013643E+2
20,095000	1,014254E+2
20,100000	1,013873E+2
20,105000	1,013312E+2
20,110000	1,014089E+2
20,115000	1,014025E+2
20,120000	1,013249E+2
20,125000	1,013669E+2
20,130000	1,014586E+2
20,135000	1,013987E+2
20,140000	1,013172E+2
20,145000	1,013312E+2
20,150000	1,014254E+2
20,155000	1,014076E+2
20,160000	1,013045E+2
20,165000	1,014229E+2
20,170000	1,013643E+2
20,175000	1,013363E+2
20,180000	1,014204E+2
20,185000	1,014064E+2
20,190000	1,013376E+2
20,195000	1,013643E+2
20,200000	1,014369E+2
20,205000	1,013567E+2
20,210000	1,013083E+2
20,215000	1,013758E+2
20,220000	1,014013E+2
20,225000	1,014509E+2

